"Main";"Middle";"Sub";"Main";"Middle";"Sub"
"GENERALES"; ; ;"0";"";""
 ;"SENSORES"; ;"0";"0";""
 ; ;"Nueva dirección de grupo";"0";"0";"1"
 ; ;"Nueva dirección de grupo";"0";"0";"2"
 ; ;"Nueva dirección de grupo";"0";"0";"3"
 ; ;"Nueva dirección de grupo";"0";"0";"4"
 ; ;"Nueva dirección de grupo";"0";"0";"5"
 ; ;"Nueva dirección de grupo";"0";"0";"6"
 ; ;"Nueva dirección de grupo";"0";"0";"7"
 ; ;"Nueva dirección de grupo";"0";"0";"8"
 ; ;"Nueva dirección de grupo";"0";"0";"9"
"ILUMINACION"; ; ;"1";"";""
 ;"GENERAL ILUMINACION"; ;"1";"0";""
 ; ;"BLOQUEO CTOS BAJO MEZANINNE";"1";"0";"0"
 ;"QG.TC.01"; ;"1";"1";""
 ; ;"SW - QGTC01 - TOF - TL ILU - CTO 1 ILU OFICINA 2";"1";"1";"0"
 ; ;"SW - QGTC01 - TOF - TL ILU - CTO 2 ILU OFICINA 1";"1";"1";"1"
 ; ;"SW - QGTC01 - TOF - TL ILU - CTO 3 ILU BANOS";"1";"1";"2"
 ; ;"SW - QGTC01 - TOF - TL ILU - CTO 4 ILU ZONA DE ESPERA";"1";"1";"3"
 ; ;"SW - QGTC01 - TIEZT - TL ILU - CTO 1-2 ILU FACHADA";"1";"1";"4"
 ; ;"SW - QGTC01 - TIEZT - TL ILU - CTO 3-4I LUMINACION FACHADA 2";"1";"1";"5"
 ; ;"SW - QGTC01 - TIEZT - TL ILU - CTO 5-6 RESERVA EQUIPADA";"1";"1";"6"
 ; ;"SW - QGTC01 - TZT - TL ILU - CTO 1-2 ILU PLATAFORMA TECNICA";"1";"1";"7"
 ; ;"SW - QGTC01 - TZT - TL ILU - CTO 3-4 ILU PLATAFORMA TECNICA 2";"1";"1";"8"
 ; ;"SW - QGTC01 - TZT - TL ILU - CTO 5 -6 ILU CUBIERTA";"1";"1";"9"
 ; ;"SW - QGTC01 - TZT - TL ILU - CTO 7-8 ILU CUBIERTA";"1";"1";"10"
 ; ;"SW - QGTC01 - TEL - TL ILU - INVERSOR 1 LACTEOS";"1";"1";"11"
 ; ;"SW - QGTC01 - TEL - TL ILU - INVERSOR 2 LACTEOS";"1";"1";"12"
 ; ;"SW - QGTC01 - TEL - TL ILU - RESERVA EQUIPADA";"1";"1";"13"
 ; ;"SW - QGTC01 - TEL - TL ILU - RESERVA EQUIPADA";"1";"1";"14"
 ; ;"SW - QGTC01 - TL - TL ILU - CTO 1-2 ILU RACK´S LACTEOS";"1";"1";"15"
 ; ;"SW - QGTC01 - TL - TL ILU - CTO 3-4 ILU RACK´S LACTEOS";"1";"1";"16"
 ; ;"SW - QGTC01 - TL - TL ILU - CTO 5-6 ILU RACK´S LACTEOS";"1";"1";"17"
 ; ;"SW - QGTC01 - TL - TL ILU - CTO 7-8 ILU RACK´S LACTEOS";"1";"1";"18"
 ; ;"SW - QGTC01 - TL - TL ILU - CTO 9-10 ILU RACK´S LACTEOS";"1";"1";"19"
 ; ;"SW - QGTC01 - TL - TL ILU - CTO 11-12 ILU RACK´S LACTEOS";"1";"1";"20"
 ; ;"SW - QGTC01 - TL - TL ILU - CTO 13-14 ILU RACK´S LACTEOS";"1";"1";"21"
 ; ;"SW - QGTC01 - TL - TL ILU - CTO 15 - 16ILU RACK´S LACTEOS";"1";"1";"22"
 ; ;"SW - QGTC01 - TL - TL ILU - CTO 17-18 ILU PASILLO";"1";"1";"23"
 ; ;"SW - QGTC01 - TL - TL ILU - CTO 19 -20 ILU PASILLO";"1";"1";"24"
 ; ;"SW - QGTC01 - TL - TL ILU - CTO 21 -22 ILU PALETS LACTEOS";"1";"1";"25"
 ; ;"SW - QGTC01 - TL - TL ILU - CTO 23 -24 ILU PALETS LACTEOS";"1";"1";"26"
 ; ;"SW - QGTC01 - TL - TL ILU - CTO 25 -26 ILU RACK´S LACTEOS";"1";"1";"27"
 ; ;"SW - QGTC01 - TF - TL ILU - CTO 1-2 ILU CONGELADOS";"1";"1";"28"
 ; ;"SW - QGTC01 - TF - TL ILU - CTO 3-4 ILU CONGELADOS";"1";"1";"29"
 ; ;"SW - QGTC01 - TF - TL ILU - CTO 5-6 ILU CONGELADOS";"1";"1";"30"
 ; ;"SW - QGTC01 - TF - TL ILU - CTO 7-8 ILU CONGELADOS";"1";"1";"31"
 ; ;"SW - QGTC01 - TF - TL ILU - CTO 9-10 ILU RACK´S FRUVER";"1";"1";"32"
 ; ;"SW - QGTC01 - TF - TL ILU - CTO 11-12 ILU RACK´S FRUVER";"1";"1";"33"
 ; ;"SW - QGTC01 - TF - TL ILU - CTO 13-14 ILU RACK´S FRUVER";"1";"1";"34"
 ; ;"SW - QGTC01 - TF - TL ILU - CTO 15-16 ILU RACK´S FRUVER";"1";"1";"35"
 ; ;"SW - QGTC01 - TF - TL ILU - CTO 17-18 ILU PALETS FRUVER";"1";"1";"36"
 ; ;"SW - QGTC01 - TF - TL ILU - CTO 19-20 ILU PALETS FRUVER";"1";"1";"37"
 ; ;"SW - QGTC01 - TF - TL ILU - CTO 21-22 ILU PALETS FRUVER";"1";"1";"38"
 ; ;"SW - QGTC01 - TF - TL ILU - CTO 23-24 ILU RACK´S FRUVER";"1";"1";"39"
 ; ;"SW - QGTC01 - TEF - TL ILU - CTO 1-2 INVERSOR 1 FRUVER";"1";"1";"40"
 ; ;"SW - QGTC01 - TEF - TL ILU - CTO 3-4 INVERSOR 2 FRUVER";"1";"1";"41"
 ; ;"SW - QGTC01 - TEF - TL ILU - CTO 5 RESERVA EQUIPADA";"1";"1";"42"
 ; ;"SW - QGTC01 - TEF - TL ILU - CTO 6 RESERVA EQUIPADA";"1";"1";"43"
 ; ;"SW - QGTC01 - TP - TL ILU - CTO 1 ILU OFICINA PORTERIA";"1";"1";"44"
 ; ;"SW - QGTC01 - TP - TL ILU - CTO 2 ILU BANO-PASILLO-TECNICO";"1";"1";"45"
 ; ;"SW - QGTC01 - TIEP - TL ILU - CTO 1-2 ILU EXTERIOR";"1";"1";"46"
 ; ;"SW - QGTC01 - TIEP - TL ILU - CTO 3-4 ILU EXTERIOR";"1";"1";"47"
 ; ;"SW - QGTC01 - TIEP - TL ILU - CTO 5-6 ILU EXTERIOR";"1";"1";"48"
 ; ;"SW - QGTC01 - TIEP - TL ILU - CTO 7-8 ILU EXTERIOR";"1";"1";"49"
 ; ;"SW - QGTC01 - TIEP - TL ILU - CTO 9 ILU EXTERIOR PORTERIA";"1";"1";"50"
 ; ;"SW - QGTC01 - TIEP - TL ILU - CTO 10 ILU EXTERIOR PORTERIA";"1";"1";"51"
 ; ;"SW - QGTC01 - TIEP - TL ILU - CTO 11-12 ALIMENTACION TALANQUERAS";"1";"1";"52"
 ; ;"SW - QGTC01 - TIEP - TL ILU - RESERVA EQUIPADA";"1";"1";"53"
 ; ;"SW - QGTC01 - TZTF - TL ILU - CTO 1 ILU PLANTAS Y SUBESTACION";"1";"1";"54"
 ; ;"SW - QGTC01 - TZTF - TL ILU - CTO 2 ILU PASILLO Y CUARTO TECNICO FRIOS";"1";"1";"55"
 ; ;"SW - QGTC01 - TZTF - TL ILU - CTO 3 ILU CUARTO FRIO INDUSTRIAL";"1";"1";"56"
 ; ;"SW - QGTC01 - TZTF - TL ILU - CTO 4 ILU EMERGENCIA.";"1";"1";"57"
 ; ;"SW - QGTC01 - TZTF - TL ILU - CTO 5 ILU BANOS";"1";"1";"58"
 ; ;"SW - QGTC01 - TZTF - TL ILU - CTO 6 ILU ZONA DE DESCANSO-PASILLOS";"1";"1";"59"
 ; ;"SW - QGTC01 - TZTF - TL ILU - CTO 7 ILU ACCESO Y CUARTO BATERIAS";"1";"1";"60"
 ; ;"SW - QGTC01 - TZTF - TL ILU - CTO 8 ILU BODEGA 1 Y 2";"1";"1";"61"
 ; ;"SW - QGTC01 - TZTF - TL ILU - CTO 9 ILU BODEGA 3";"1";"1";"62"
 ; ;"SW - QGTC01 - TZTF - TL ILU - CTO 10 ILU TUNEL DE FRIO";"1";"1";"63"
 ; ;"SW - QGTC01 - TZTF - TL ILU - CTO 11 ILU CONTENEDORES";"1";"1";"64"
 ; ;"SW - QGTC01 - TZTF - TL ILU - CTO 12 ILU CONTENEDORES";"1";"1";"65"
 ; ;"RS - QGTC01 - TOF - TL ILU - CTO 1 ILU OFICINA 2";"1";"1";"66"
 ; ;"RS - QGTC01 - TOF - TL ILU - CTO 2 ILU OFICINA 1";"1";"1";"67"
 ; ;"RS - QGTC01 - TOF - TL ILU - CTO 3 ILU BANOS";"1";"1";"68"
 ; ;"RS - QGTC01 - TOF - TL ILU - CTO 4 ILU ZONA DE ESPERA";"1";"1";"69"
 ; ;"RS - QGTC01 - TIEZT - TL ILU - CTO 1-2 ILU FACHADA";"1";"1";"70"
 ; ;"RS - QGTC01 - TIEZT - TL ILU - CTO 3-4I LUMINACION FACHADA 2";"1";"1";"71"
 ; ;"RS - QGTC01 - TIEZT - TL ILU - CTO 5-6 RESERVA EQUIPADA";"1";"1";"72"
 ; ;"RS - QGTC01 - TZT - TL ILU - CTO 1-2 ILU PLATAFORMA TECNICA";"1";"1";"73"
 ; ;"RS - QGTC01 - TZT - TL ILU - CTO 3-4 ILU PLATAFORMA TECNICA 2";"1";"1";"74"
 ; ;"RS - QGTC01 - TZT - TL ILU - CTO 5 -6 ILU CUBIERTA";"1";"1";"75"
 ; ;"RS - QGTC01 - TZT - TL ILU - CTO 7-8 ILU CUBIERTA";"1";"1";"76"
 ; ;"RS - QGTC01 - TEL - TL ILU - INVERSOR 1 LACTEOS";"1";"1";"77"
 ; ;"RS - QGTC01 - TEL - TL ILU - INVERSOR 2 LACTEOS";"1";"1";"78"
 ; ;"RS - QGTC01 - TEL - TL ILU - RESERVA EQUIPADA";"1";"1";"79"
 ; ;"RS - QGTC01 - TEL - TL ILU - RESERVA EQUIPADA";"1";"1";"80"
 ; ;"RS - QGTC01 - TL - TL ILU - CTO 1-2 ILU RACK´S LACTEOS";"1";"1";"81"
 ; ;"RS - QGTC01 - TL - TL ILU - CTO 3-4 ILU RACK´S LACTEOS";"1";"1";"82"
 ; ;"RS - QGTC01 - TL - TL ILU - CTO 5-6 ILU RACK´S LACTEOS";"1";"1";"83"
 ; ;"RS - QGTC01 - TL - TL ILU - CTO 7-8 ILU RACK´S LACTEOS";"1";"1";"84"
 ; ;"RS - QGTC01 - TL - TL ILU - CTO 9-10 ILU RACK´S LACTEOS";"1";"1";"85"
 ; ;"RS - QGTC01 - TL - TL ILU - CTO 11-12 ILU RACK´S LACTEOS";"1";"1";"86"
 ; ;"RS - QGTC01 - TL - TL ILU - CTO 13-14 ILU RACK´S LACTEOS";"1";"1";"87"
 ; ;"RS - QGTC01 - TL - TL ILU - CTO 15 - 16ILU RACK´S LACTEOS";"1";"1";"88"
 ; ;"RS - QGTC01 - TL - TL ILU - CTO 17-18 ILU PASILLO";"1";"1";"89"
 ; ;"RS - QGTC01 - TL - TL ILU - CTO 19 -20 ILU PASILLO";"1";"1";"90"
 ; ;"RS - QGTC01 - TL - TL ILU - CTO 21 -22 ILU PALETS LACTEOS";"1";"1";"91"
 ; ;"RS - QGTC01 - TL - TL ILU - CTO 23 -24 ILU PALETS LACTEOS";"1";"1";"92"
 ; ;"RS - QGTC01 - TL - TL ILU - CTO 25 -26 ILU RACK´S LACTEOS";"1";"1";"93"
 ; ;"RS - QGTC01 - TF - TL ILU - CTO 1-2 ILU CONGELADOS";"1";"1";"94"
 ; ;"RS - QGTC01 - TF - TL ILU - CTO 3-4 ILU CONGELADOS";"1";"1";"95"
 ; ;"RS - QGTC01 - TF - TL ILU - CTO 5-6 ILU CONGELADOS";"1";"1";"96"
 ; ;"RS - QGTC01 - TF - TL ILU - CTO 7-8 ILU CONGELADOS";"1";"1";"97"
 ; ;"RS - QGTC01 - TF - TL ILU - CTO 9-10 ILU RACK´S FRUVER";"1";"1";"98"
 ; ;"RS - QGTC01 - TF - TL ILU - CTO 11-12 ILU RACK´S FRUVER";"1";"1";"99"
 ; ;"RS - QGTC01 - TF - TL ILU - CTO 13-14 ILU RACK´S FRUVER";"1";"1";"100"
 ; ;"RS - QGTC01 - TF - TL ILU - CTO 15-16 ILU RACK´S FRUVER";"1";"1";"101"
 ; ;"RS - QGTC01 - TF - TL ILU - CTO 17-18 ILU PALETS FRUVER";"1";"1";"102"
 ; ;"RS - QGTC01 - TF - TL ILU - CTO 19-20 ILU PALETS FRUVER";"1";"1";"103"
 ; ;"RS - QGTC01 - TF - TL ILU - CTO 21-22 ILU PALETS FRUVER";"1";"1";"104"
 ; ;"RS - QGTC01 - TF - TL ILU - CTO 23-24 ILU RACK´S FRUVER";"1";"1";"105"
 ; ;"RS - QGTC01 - TEF - TL ILU - CTO 1-2 INVERSOR 1 FRUVER";"1";"1";"106"
 ; ;"RS - QGTC01 - TEF - TL ILU - CTO 3-4 INVERSOR 2 FRUVER";"1";"1";"107"
 ; ;"RS - QGTC01 - TEF - TL ILU - CTO 5 RESERVA EQUIPADA";"1";"1";"108"
 ; ;"RS - QGTC01 - TEF - TL ILU - CTO 6 RESERVA EQUIPADA";"1";"1";"109"
 ; ;"RS - QGTC01 - TP - TL ILU - CTO 1 ILU OFICINA PORTERIA";"1";"1";"110"
 ; ;"RS - QGTC01 - TP - TL ILU - CTO 2 ILU BANO-PASILLO-TECNICO";"1";"1";"111"
 ; ;"RS - QGTC01 - TIEP - TL ILU - CTO 1-2 ILU EXTERIOR";"1";"1";"112"
 ; ;"RS - QGTC01 - TIEP - TL ILU - CTO 3-4 ILU EXTERIOR";"1";"1";"113"
 ; ;"RS - QGTC01 - TIEP - TL ILU - CTO 5-6 ILU EXTERIOR";"1";"1";"114"
 ; ;"RS - QGTC01 - TIEP - TL ILU - CTO 7-8 ILU EXTERIOR";"1";"1";"115"
 ; ;"RS - QGTC01 - TIEP - TL ILU - CTO 9 ILU EXTERIOR PORTERIA";"1";"1";"116"
 ; ;"RS - QGTC01 - TIEP - TL ILU - CTO 10 ILU EXTERIOR PORTERIA";"1";"1";"117"
 ; ;"RS - QGTC01 - TIEP - TL ILU - CTO 11-12 ALIMENTACION TALANQUERAS";"1";"1";"118"
 ; ;"RS - QGTC01 - TIEP - TL ILU - RESERVA EQUIPADA";"1";"1";"119"
 ; ;"RS - QGTC01 - TZTF - TL ILU - CTO 1 ILU PLANTAS Y SUBESTACION";"1";"1";"120"
 ; ;"RS - QGTC01 - TZTF - TL ILU - CTO 2 ILU PASILLO Y CUARTO TECNICO FRIOS";"1";"1";"121"
 ; ;"RS - QGTC01 - TZTF - TL ILU - CTO 3 ILU CUARTO FRIO INDUSTRIAL";"1";"1";"122"
 ; ;"RS - QGTC01 - TZTF - TL ILU - CTO 4 ILU EMERGENCIA.";"1";"1";"123"
 ; ;"RS - QGTC01 - TZTF - TL ILU - CTO 5 ILU BANOS";"1";"1";"124"
 ; ;"RS - QGTC01 - TZTF - TL ILU - CTO 6 ILU ZONA DE DESCANSO-PASILLOS";"1";"1";"125"
 ; ;"RS - QGTC01 - TZTF - TL ILU - CTO 7 ILU ACCESO Y CUARTO BATERIAS";"1";"1";"126"
 ; ;"RS - QGTC01 - TZTF - TL ILU - CTO 8 ILU BODEGA 1 Y 2";"1";"1";"127"
 ; ;"RS - QGTC01 - TZTF - TL ILU - CTO 9 ILU BODEGA 3";"1";"1";"128"
 ; ;"RS - QGTC01 - TZTF - TL ILU - CTO 10 ILU TUNEL DE FRIO";"1";"1";"129"
 ; ;"RS - QGTC01 - TZTF - TL ILU - CTO 11 ILU CONTENEDORES";"1";"1";"130"
 ; ;"RS - QGTC01 - TZTF - TL ILU - CTO 12 ILU CONTENEDORES";"1";"1";"131"
 ;"QG.TC.02/1"; ;"1";"2";""
 ; ;"SW -L1X-DGI-TC2-TL 1-TZTS-ILUMINACION DEVOLUCIONES-GARANTIAS-IT";"1";"2";"0"
 ; ;"RS_ON/OFF L1X-DGI-TC2-TL 1-TZTS-ILUMINACION DEVOLUCIONES-GARANTIAS-IT";"1";"2";"1"
 ; ;"SW -L2X-MT-TC2-TL 2-TZTS-ILUMINACION MARKETING Y TECNICA";"1";"2";"2"
 ; ;"RS_ON/OFF L2X-MT-TC2-TL 2-TZTS-ILUMINACION MARKETING Y TECNICA";"1";"2";"3"
 ; ;"SW -L3X-MT-TC2-TL 3-TZTS-ILUMINACION MARKETING Y TECNICA";"1";"2";"4"
 ; ;"RS_ON/OFF L3X-MT-TC2-TL 3-TZTS-ILUMINACION MARKETING Y TECNICA";"1";"2";"5"
 ; ;"SW -L4X-MAT-TC2-TL 4-TZTS-ILUMINACION MACULATURA- AREA TECNICA";"1";"2";"6"
 ; ;"RS_ON/OFF L4X-MAT-TC2-TL 4-TZTS-ILUMINACION MACULATURA- AREA TECNICA";"1";"2";"7"
 ; ;"SW -L5X-MAT-TC2-TL 5-TZTS-ILUMINACION MACULATURA- AREA TECNICA";"1";"2";"8"
 ; ;"RS_ON/OFF L5X-MAT-TC2-TL 5-TZTS-ILUMINACION MACULATURA- AREA TECNICA";"1";"2";"9"
 ; ;"SW -L1/2D-PL-TC2-TL 1-TB4-ILUMINACION PALETS";"1";"2";"10"
 ; ;"RS_ON/OFF L1/2D-PL-TC2-TL 1-TB4-ILUMINACION PALETS";"1";"2";"11"
 ; ;"SW -L3/4D-PL-TC2-TL 2-TB4-ILUMINACION PALETS";"1";"2";"12"
 ; ;"RS_ON/OFF L3/4D-PL-TC2-TL 2-TB4-ILUMINACION PALETS";"1";"2";"13"
 ; ;"SW -L5/6D-RS-TC2-TL 3-TB4-ILUMINACION RACK´S";"1";"2";"14"
 ; ;"RS_ON/OFF L5/6D-RS-TC2-TL 3-TB4-ILUMINACION RACK´S";"1";"2";"15"
 ; ;"SW -L7/8D-RS-TC2-TL 4-TB4-ILUMINACION RACK´S";"1";"2";"16"
 ; ;"RS_ON/OFF L7/8D-RS-TC2-TL 4-TB4-ILUMINACION RACK´S";"1";"2";"17"
 ; ;"SW -L9/10D-RS-TC2-TL 5-TB4-ILUMINACION RACK´S";"1";"2";"18"
 ; ;"RS_ON/OFF L9/10D-RS-TC2-TL 5-TB4-ILUMINACION RACK´S";"1";"2";"19"
 ; ;"SW -L11/12D-RS-TC2-TL 6-TB4-ILUMINACION RACK´S";"1";"2";"20"
 ; ;"RS_ON/OFF L11/12D-RS-TC2-TL 6-TB4-ILUMINACION RACK´S";"1";"2";"21"
 ; ;"SW -L13/14D-RS-TC2-TL 7-TB4-ILUMINACION RACK´S";"1";"2";"22"
 ; ;"RS_ON/OFF L13/14D-RS-TC2-TL 7-TB4-ILUMINACION RACK´S";"1";"2";"23"
 ; ;"SW -L15/16D-RS-TC2-TL 8-TB4-ILUMINACION RACK´S";"1";"2";"24"
 ; ;"RS_ON/OFF L15/16D-RS-TC2-TL 8-TB4-ILUMINACION RACK´S";"1";"2";"25"
 ; ;"SW -L17/18D-RS-TC2-TL 9-TB4-ILUMINACION RACK´S";"1";"2";"26"
 ; ;"RS_ON/OFF L17/18D-RS-TC2-TL 9-TB4-ILUMINACION RACK´S";"1";"2";"27"
 ; ;"SW -L19/20D-RS-TC2-TL 10-TB4-ILUMINACION RACK´S";"1";"2";"28"
 ; ;"RS_ON/OFF L19/20D-RS-TC2-TL 10-TB4-ILUMINACION RACK´S";"1";"2";"29"
 ; ;"SW -L23/24D-RS-TC2-TL 10-TB4-ILUMINACION RACK´S";"1";"2";"30"
 ; ;"RS_ON/OFF L23/24D-RS-TC2-TL 10-TB4-ILUMINACION RACK´S";"1";"2";"31"
 ; ;"SW -L1/2X-B4-TC2-TL 1-TEB4-INVERSOR 1 BODEGA 4";"1";"2";"32"
 ; ;"RS_ON/OFF L1/2X-B4-TC2-TL 1-TEB4-INVERSOR 1 BODEGA 4";"1";"2";"33"
 ; ;"SW -L3/4X-RE-TC2-TL 2-TEB4-RESERVA EQUIPADA";"1";"2";"34"
 ; ;"RS_ON/OFF L3/4X-RE-TC2-TL 2-TEB4-RESERVA EQUIPADA";"1";"2";"35"
 ; ;"SW -L1/2X-MLL-TC2-TL 1-TIEB4-ILIMINACION MUELLES";"1";"2";"36"
 ; ;"RS_ON/OFF L1/2X-MLL-TC2-TL 1-TIEB4-ILIMINACION MUELLES";"1";"2";"37"
 ; ;"SW -L3/4X-MLL-TC2-TL 2-TIEB4-ILIMINACION MUELLES";"1";"2";"38"
 ; ;"RS_ON/OFF L3/4X-MLL-TC2-TL 2-TIEB4-ILIMINACION MUELLES";"1";"2";"39"
 ; ;"SW -L5/6X-EXT-TC2-TL 3-TIEB4-ILUMINACION EXTERIOR";"1";"2";"40"
 ; ;"RS_ON/OFF L5/6X-EXT-TC2-TL 3-TIEB4-ILUMINACION EXTERIOR";"1";"2";"41"
 ; ;"SW -L7/8X-EXT-TC2-TL 4-TIEB4-ILUMINACION EXTERIOR";"1";"2";"42"
 ; ;"RS_ON/OFF L7/8X-EXT-TC2-TL 4-TIEB4-ILUMINACION EXTERIOR";"1";"2";"43"
 ; ;"SW -L9X-RE-TC2-TL 5-TIEB4-RESERVA EQUIPADA";"1";"2";"44"
 ; ;"RS_ON/OFF L9X-RE-TC2-TL 5-TIEB4-RESERVA EQUIPADA";"1";"2";"45"
 ; ;"SW -L10X-RE-TC2-TL 6-TIEB4-RESERVA EQUIPADA";"1";"2";"46"
 ; ;"RS_ON/OFF L10X-RE-TC2-TL 6-TIEB4-RESERVA EQUIPADA";"1";"2";"47"
 ; ;"SW -L11X-RE-TC2-TL 6-TIEB4-RESERVA EQUIPADA";"1";"2";"48"
 ; ;"RS_ON/OFF L11X-RE-TC2-TL 6-TIEB4-RESERVA EQUIPADA";"1";"2";"49"
 ; ;"SW -L12X-RE-TC2-TL 7-TIEB4-RESERVA EQUIPADA";"1";"2";"50"
 ; ;"RS_ON/OFF L12X-RE-TC2-TL 7-TIEB4-RESERVA EQUIPADA";"1";"2";"51"
 ; ;"SW -L1/2D-PL-TC2-TL 1-TB3-ILUMINACION PALETS";"1";"2";"52"
 ; ;"RS_ON/OFF L1/2D-PL-TC2-TL 1-TB3-ILUMINACION PALETS";"1";"2";"53"
 ; ;"SW -L3/4D-PL-TC2-TL 2-TB3-ILUMINACION PALETS";"1";"2";"54"
 ; ;"RS_ON/OFF L3/4D-PL-TC2-TL 2-TB3-ILUMINACION PALETS";"1";"2";"55"
 ; ;"SW -L5/6D-RS-TC2-TL 3-TB3-ILUMINACION RACK´S";"1";"2";"56"
 ; ;"RS_ON/OFF L5/6D-RS-TC2-TL 3-TB3-ILUMINACION RACK´S";"1";"2";"57"
 ; ;"SW -L7/8D-RS-TC2-TL 4-TB3-ILUMINACION RACK´S";"1";"2";"58"
 ; ;"RS_ON/OFF L7/8D-RS-TC2-TL 4-TB3-ILUMINACION RACK´S";"1";"2";"59"
 ; ;"SW -L9/10D-RS-TC2-TL 5-TB3-ILUMINACION RACK´S";"1";"2";"60"
 ; ;"RS_ON/OFF L9/10D-RS-TC2-TL 5-TB3-ILUMINACION RACK´S";"1";"2";"61"
 ; ;"SW -L11/12D-PL-TC2-TL 6-TB3-ILUMINACION PALETS";"1";"2";"62"
 ; ;"RS_ON/OFF L11/12D-PL-TC2-TL 6-TB3-ILUMINACION PALETS";"1";"2";"63"
 ; ;"SW -L13/14D-PL-TC2-TL 7-TB3-ILUMINACION PALETS";"1";"2";"64"
 ; ;"RS_ON/OFF L13/14D-PL-TC2-TL 7-TB3-ILUMINACION PALETS";"1";"2";"65"
 ; ;"SW -L15/16D-PL-TC2-TL 8-TB3-ILUMINACION PALETS";"1";"2";"66"
 ; ;"RS_ON/OFF L15/16D-PL-TC2-TL 8-TB3-ILUMINACION PALETS";"1";"2";"67"
 ; ;"SW -L17/18D-PL-TC2-TL 9-TB3-ILUMINACION PALETS";"1";"2";"68"
 ; ;"RS_ON/OFF L17/18D-PL-TC2-TL 9-TB3-ILUMINACION PALETS";"1";"2";"69"
 ; ;"SW -L19/20D-RE-TC2-TL 10-TB3-RESERVA EQUIPADA";"1";"2";"70"
 ; ;"RS_ON/OFF L19/20D-RE-TC2-TL 10-TB3-RESERVA EQUIPADA";"1";"2";"71"
 ; ;"SW -L1/2X-B3-TC2-TL 1-TEB3-INVERSOR 1 BODEGA 3";"1";"2";"72"
 ; ;"RS_ON/OFF L1/2X-B3-TC2-TL 1-TEB3-INVERSOR 1 BODEGA 3";"1";"2";"73"
 ; ;"SW -L3/4X-RE-TC2-TL 2-TEB3-RESERVA EQUIPADA";"1";"2";"74"
 ; ;"RS_ON/OFF L3/4X-RE-TC2-TL 2-TEB3-RESERVA EQUIPADA";"1";"2";"75"
 ; ;"SW -L5X-RE-TC2-TL 3-TEB3-RESERVA EQUIPADA";"1";"2";"76"
 ; ;"RS_ON/OFF L5X-RE-TC2-TL 3-TEB3-RESERVA EQUIPADA";"1";"2";"77"
 ; ;"SW -L6X-RE-TC2-TL 4-TEB3-RESERVA EQUIPADA";"1";"2";"78"
 ; ;"RS_ON/OFF L6X-RE-TC2-TL 4-TEB3-RESERVA EQUIPADA";"1";"2";"79"
 ; ;"SW -L1/2X-PT-TC2-TL 1-TPB4-ILUMINACION PLATAFORMA TECNICA";"1";"2";"80"
 ; ;"RS_ON/OFF L1/2X-PT-TC2-TL 1-TPB4-ILUMINACION PLATAFORMA TECNICA";"1";"2";"81"
 ; ;"SW -L3/4X-PT-TC2-TL 2-TPB4-ILUMINACION PLATAFORMA TECNICA";"1";"2";"82"
 ; ;"RS_ON/OFF L3/4X-PT-TC2-TL 2-TPB4-ILUMINACION PLATAFORMA TECNICA";"1";"2";"83"
 ; ;"SW -L5/6X-CB-TC2-TL 3-TPB4-ILUMINACION CUBIERTA";"1";"2";"84"
 ; ;"RS_ON/OFF L5/6X-CB-TC2-TL 3-TPB4-ILUMINACION CUBIERTA";"1";"2";"85"
 ; ;"SW -L7/8X-CB-TC2-TL 4-TPB4-ILUMINACION CUBIERTA";"1";"2";"86"
 ; ;"RS_ON/OFF L7/8X-CB-TC2-TL 4-TPB4-ILUMINACION CUBIERTA";"1";"2";"87"
 ;"QG.TC.02/2"; ;"1";"3";""
 ; ;"REG_ABS 1 BYTE 0-10_ L1/2D-PL-TC2-TL 1-TB4-ILUMINACION PALETS";"1";"3";"0"
 ; ;"RS_REG 1 BYTE 0-10_ L1/2D-PL-TC2-TL 1-TB4-ILUMINACION PALETS";"1";"3";"1"
 ; ;"ON/OFF  0-10_ L1/2D-PL-TC2-TL 1-TB4-ILUMINACION PALETS";"1";"3";"2"
 ; ;"RS_ON/OFF  0-10_ L1/2D-PL-TC2-TL 1-TB4-ILUMINACION PALETS";"1";"3";"3"
 ; ;"REG_ABS 1 BYTE 0-10_ L3/4D-PL-TC2-TL 2-TB4-ILUMINACION PALETS";"1";"3";"4"
 ; ;"RS_REG 1 BYTE 0-10_ L3/4D-PL-TC2-TL 2-TB4-ILUMINACION PALETS";"1";"3";"5"
 ; ;"ON/OFF  0-10_ L3/4D-PL-TC2-TL 2-TB4-ILUMINACION PALETS";"1";"3";"6"
 ; ;"RS_ON/OFF  0-10_ L3/4D-PL-TC2-TL 2-TB4-ILUMINACION PALETS";"1";"3";"7"
 ; ;"REG_ABS 1 BYTE 0-10_ L5/6D-RS-TC2-TL 3-TB4-ILUMINACION RACK´S";"1";"3";"8"
 ; ;"RS_REG 1 BYTE 0-10_ L5/6D-RS-TC2-TL 3-TB4-ILUMINACION RACK´S";"1";"3";"9"
 ; ;"ON/OFF  0-10_ L5/6D-RS-TC2-TL 3-TB4-ILUMINACION RACK´S";"1";"3";"10"
 ; ;"RS_ON/OFF  0-10_ L5/6D-RS-TC2-TL 3-TB4-ILUMINACION RACK´S";"1";"3";"11"
 ; ;"REG_ABS 1 BYTE 0-10_ L7/8D-RS-TC2-TL 4-TB4-ILUMINACION RACK´S";"1";"3";"12"
 ; ;"RS_REG 1 BYTE 0-10_ L7/8D-RS-TC2-TL 4-TB4-ILUMINACION RACK´S";"1";"3";"13"
 ; ;"ON/OFF  0-10_ L7/8D-RS-TC2-TL 4-TB4-ILUMINACION RACK´S";"1";"3";"14"
 ; ;"RS_ON/OFF  0-10_ L7/8D-RS-TC2-TL 4-TB4-ILUMINACION RACK´S";"1";"3";"15"
 ; ;"REG_ABS 1 BYTE 0-10_ L9/10D-RS-TC2-TL 5-TB4-ILUMINACION RACK´S";"1";"3";"16"
 ; ;"RS_REG 1 BYTE 0-10_ L9/10D-RS-TC2-TL 5-TB4-ILUMINACION RACK´S";"1";"3";"17"
 ; ;"ON/OFF  0-10_ L9/10D-RS-TC2-TL 5-TB4-ILUMINACION RACK´S";"1";"3";"18"
 ; ;"RS_ON/OFF  0-10_ L9/10D-RS-TC2-TL 5-TB4-ILUMINACION RACK´S";"1";"3";"19"
 ; ;"REG_ABS 1 BYTE 0-10_ L11/12D-RS-TC2-TL 6-TB4-ILUMINACION RACK´S";"1";"3";"20"
 ; ;"RS_REG 1 BYTE 0-10_ L11/12D-RS-TC2-TL 6-TB4-ILUMINACION RACK´S";"1";"3";"21"
 ; ;"ON/OFF  0-10_ L11/12D-RS-TC2-TL 6-TB4-ILUMINACION RACK´S";"1";"3";"22"
 ; ;"RS_ON/OFF  0-10_ L11/12D-RS-TC2-TL 6-TB4-ILUMINACION RACK´S";"1";"3";"23"
 ; ;"REG_ABS 1 BYTE 0-10_ L13/14D-RS-TC2-TL 7-TB4-ILUMINACION RACK´S";"1";"3";"24"
 ; ;"RS_REG 1 BYTE 0-10_ L13/14D-RS-TC2-TL 7-TB4-ILUMINACION RACK´S";"1";"3";"25"
 ; ;"ON/OFF  0-10_ L13/14D-RS-TC2-TL 7-TB4-ILUMINACION RACK´S";"1";"3";"26"
 ; ;"RS_ON/OFF  0-10_ L13/14D-RS-TC2-TL 7-TB4-ILUMINACION RACK´S";"1";"3";"27"
 ; ;"REG_ABS 1 BYTE 0-10_ L15/16D-RS-TC2-TL 8-TB4-ILUMINACION RACK´S";"1";"3";"28"
 ; ;"RS_REG 1 BYTE 0-10_ L15/16D-RS-TC2-TL 8-TB4-ILUMINACION RACK´S";"1";"3";"29"
 ; ;"ON/OFF  0-10_ L15/16D-RS-TC2-TL 8-TB4-ILUMINACION RACK´S";"1";"3";"30"
 ; ;"RS_ON/OFF  0-10_ L15/16D-RS-TC2-TL 8-TB4-ILUMINACION RACK´S";"1";"3";"31"
 ; ;"REG_ABS 1 BYTE 0-10_ L17/18D-RS-TC2-TL 9-TB4-ILUMINACION RACK´S";"1";"3";"32"
 ; ;"RS_REG 1 BYTE 0-10_ L17/18D-RS-TC2-TL 9-TB4-ILUMINACION RACK´S";"1";"3";"33"
 ; ;"ON/OFF  0-10_ L17/18D-RS-TC2-TL 9-TB4-ILUMINACION RACK´S";"1";"3";"34"
 ; ;"RS_ON/OFF  0-10_ L17/18D-RS-TC2-TL 9-TB4-ILUMINACION RACK´S";"1";"3";"35"
 ; ;"REG_ABS 1 BYTE 0-10_ L19/20D-RS-TC2-TL 10-TB4-ILUMINACION RACK´S";"1";"3";"36"
 ; ;"RS_REG 1 BYTE 0-10_ L19/20D-RS-TC2-TL 10-TB4-ILUMINACION RACK´S";"1";"3";"37"
 ; ;"ON/OFF  0-10_ L19/20D-RS-TC2-TL 10-TB4-ILUMINACION RACK´S";"1";"3";"38"
 ; ;"RS_ON/OFF  0-10_ L19/20D-RS-TC2-TL 10-TB4-ILUMINACION RACK´S";"1";"3";"39"
 ; ;"REG_ABS 1 BYTE 0-10_ L23/24D-RS-TC2-TL 10-TB4-ILUMINACION RACK´S";"1";"3";"40"
 ; ;"RS_REG 1 BYTE 0-10_ L23/24D-RS-TC2-TL 10-TB4-ILUMINACION RACK´S";"1";"3";"41"
 ; ;"ON/OFF  0-10_ L23/24D-RS-TC2-TL 10-TB4-ILUMINACION RACK´S";"1";"3";"42"
 ; ;"RS_ON/OFF  0-10_ L23/24D-RS-TC2-TL 10-TB4-ILUMINACION RACK´S";"1";"3";"43"
 ; ;"REG_ABS 1 BYTE 0-10_ L1/2D-PL-TC2-TL 1-TB3-ILUMINACION PALETS";"1";"3";"44"
 ; ;"RS_REG 1 BYTE 0-10_ L1/2D-PL-TC2-TL 1-TB3-ILUMINACION PALETS";"1";"3";"45"
 ; ;"ON/OFF  0-10_ L1/2D-PL-TC2-TL 1-TB3-ILUMINACION PALETS";"1";"3";"46"
 ; ;"RS_ON/OFF  0-10_ L1/2D-PL-TC2-TL 1-TB3-ILUMINACION PALETS";"1";"3";"47"
 ; ;"REG_ABS 1 BYTE 0-10_ L3/4D-PL-TC2-TL 2-TB3-ILUMINACION PALETS";"1";"3";"48"
 ; ;"RS_REG 1 BYTE 0-10_ L3/4D-PL-TC2-TL 2-TB3-ILUMINACION PALETS";"1";"3";"49"
 ; ;"ON/OFF  0-10_ L3/4D-PL-TC2-TL 2-TB3-ILUMINACION PALETS";"1";"3";"50"
 ; ;"RS_ON/OFF  0-10_ L3/4D-PL-TC2-TL 2-TB3-ILUMINACION PALETS";"1";"3";"51"
 ; ;"REG_ABS 1 BYTE 0-10_ L5/6D-RS-TC2-TL 3-TB3-ILUMINACION RACK´S";"1";"3";"52"
 ; ;"RS_REG 1 BYTE 0-10_ L5/6D-RS-TC2-TL 3-TB3-ILUMINACION RACK´S";"1";"3";"53"
 ; ;"ON/OFF  0-10_ L5/6D-RS-TC2-TL 3-TB3-ILUMINACION RACK´S";"1";"3";"54"
 ; ;"RS_ON/OFF  0-10_ L5/6D-RS-TC2-TL 3-TB3-ILUMINACION RACK´S";"1";"3";"55"
 ; ;"REG_ABS 1 BYTE 0-10_ L7/8D-RS-TC2-TL 4-TB3-ILUMINACION RACK´S";"1";"3";"56"
 ; ;"RS_REG 1 BYTE 0-10_ L7/8D-RS-TC2-TL 4-TB3-ILUMINACION RACK´S";"1";"3";"57"
 ; ;"ON/OFF  0-10_ L7/8D-RS-TC2-TL 4-TB3-ILUMINACION RACK´S";"1";"3";"58"
 ; ;"RS_ON/OFF  0-10_ L7/8D-RS-TC2-TL 4-TB3-ILUMINACION RACK´S";"1";"3";"59"
 ; ;"REG_ABS 1 BYTE 0-10_ L9/10D-RS-TC2-TL 5-TB3-ILUMINACION RACK´S";"1";"3";"60"
 ; ;"RS_REG 1 BYTE 0-10_ L9/10D-RS-TC2-TL 5-TB3-ILUMINACION RACK´S";"1";"3";"61"
 ; ;"ON/OFF  0-10_ L9/10D-RS-TC2-TL 5-TB3-ILUMINACION RACK´S";"1";"3";"62"
 ; ;"RS_ON/OFF  0-10_ L9/10D-RS-TC2-TL 5-TB3-ILUMINACION RACK´S";"1";"3";"63"
 ; ;"REG_ABS 1 BYTE 0-10_ L11/12D-PL-TC2-TL 6-TB3-ILUMINACION PALETS";"1";"3";"64"
 ; ;"RS_REG 1 BYTE 0-10_ L11/12D-PL-TC2-TL 6-TB3-ILUMINACION PALETS";"1";"3";"65"
 ; ;"ON/OFF  0-10_ L11/12D-PL-TC2-TL 6-TB3-ILUMINACION PALETS";"1";"3";"66"
 ; ;"RS_ON/OFF  0-10_ L11/12D-PL-TC2-TL 6-TB3-ILUMINACION PALETS";"1";"3";"67"
 ; ;"REG_ABS 1 BYTE 0-10_ L13/14D-PL-TC2-TL 7-TB3-ILUMINACION PALETS";"1";"3";"68"
 ; ;"RS_REG 1 BYTE 0-10_ L13/14D-PL-TC2-TL 7-TB3-ILUMINACION PALETS";"1";"3";"69"
 ; ;"ON/OFF  0-10_ L13/14D-PL-TC2-TL 7-TB3-ILUMINACION PALETS";"1";"3";"70"
 ; ;"RS_ON/OFF  0-10_ L13/14D-PL-TC2-TL 7-TB3-ILUMINACION PALETS";"1";"3";"71"
 ; ;"REG_ABS 1 BYTE 0-10_ L15/16D-PL-TC2-TL 8-TB3-ILUMINACION PALETS";"1";"3";"72"
 ; ;"RS_REG 1 BYTE 0-10_ L15/16D-PL-TC2-TL 8-TB3-ILUMINACION PALETS";"1";"3";"73"
 ; ;"ON/OFF  0-10_ L15/16D-PL-TC2-TL 8-TB3-ILUMINACION PALETS";"1";"3";"74"
 ; ;"RS_ON/OFF  0-10_ L15/16D-PL-TC2-TL 8-TB3-ILUMINACION PALETS";"1";"3";"75"
 ; ;"REG_ABS 1 BYTE 0-10_ L17/18D-PL-TC2-TL 9-TB3-ILUMINACION PALETS";"1";"3";"76"
 ; ;"RS_REG 1 BYTE 0-10_ L17/18D-PL-TC2-TL 9-TB3-ILUMINACION PALETS";"1";"3";"77"
 ; ;"ON/OFF  0-10_ L17/18D-PL-TC2-TL 9-TB3-ILUMINACION PALETS";"1";"3";"78"
 ; ;"RS_ON/OFF  0-10_ L17/18D-PL-TC2-TL 9-TB3-ILUMINACION PALETS";"1";"3";"79"
 ;"QG.TC.03"; ;"1";"4";""
 ; ;"SW - L1/2X-BM-TC3-TL 1-TB1-ILUMINACION BAJO MEZANINE";"1";"4";"0"
 ; ;"RS_ON/OFF L1/2X-BM-TC3-TL 1-TB1-ILUMINACION BAJO MEZANINE";"1";"4";"1"
 ; ;"SW - L3/4X-BN-TC3-TL 2-TB1-ILUMINACION BAJO MEZANINE";"1";"4";"3"
 ; ;"RS_ON/OFF L3/4X-BN-TC3-TL 2-TB1-ILUMINACION BAJO MEZANINE";"1";"4";"4"
 ; ;"SW - L5/6D-PL-TC3-TL 3-TB1-ILUMINACION PALETS";"1";"4";"6"
 ; ;"RS_ON/OFF L5/6D-PL-TC3-TL 3-TB1-ILUMINACION PALETS";"1";"4";"7"
 ; ;"REG_ABS 1 BYTE 0-10 L5/6D-PL-TC3-TL 3-TB1-ILUMINACION PALETS";"1";"4";"8"
 ; ;"RS_REG 1 BYTE 0-10 L5/6D-PL-TC3-TL 3-TB1-ILUMINACION PALETS";"1";"4";"9"
 ; ;"RS_ON/OFF 0-10 L5/6D-PL-TC3-TL 3-TB1-ILUMINACION PALETS";"1";"4";"11"
 ; ;"SW - L7/8D-PL-TC3-TL 4-TB1-ILUMINACION PALETS";"1";"4";"13"
 ; ;"RS_ON/OFF L7/8D-PL-TC3-TL 4-TB1-ILUMINACION PALETS";"1";"4";"14"
 ; ;"REG_ABS 1 BYTE 0-10 L7/8D-PL-TC3-TL 4-TB1-ILUMINACION PALETS";"1";"4";"15"
 ; ;"RS_REG 1 BYTE 0-10 L7/8D-PL-TC3-TL 4-TB1-ILUMINACION PALETS";"1";"4";"16"
 ; ;"RS_ON/OFF 0-10 L7/8D-PL-TC3-TL 4-TB1-ILUMINACION PALETS";"1";"4";"18"
 ; ;"SW - L9/10D-PL-TC3-TL 5-TB1-ILUMINACION PALETS";"1";"4";"20"
 ; ;"RS_ON/OFF L9/10D-PL-TC3-TL 5-TB1-ILUMINACION PALETS";"1";"4";"21"
 ; ;"REG_ABS 1 BYTE 0-10 L9/10D-PL-TC3-TL 5-TB1-ILUMINACION PALETS";"1";"4";"22"
 ; ;"RS_REG 1 BYTE 0-10 L9/10D-PL-TC3-TL 5-TB1-ILUMINACION PALETS";"1";"4";"23"
 ; ;"RS_ON/OFF 0-10 L9/10D-PL-TC3-TL 5-TB1-ILUMINACION PALETS";"1";"4";"25"
 ; ;"SW - L11/12D-RS-TC3-TL 6-TB1-ILUMINACION RACK´S";"1";"4";"27"
 ; ;"RS_ON/OFF L11/12D-RS-TC3-TL 6-TB1-ILUMINACION RACK´S";"1";"4";"28"
 ; ;"REG_ABS 1 BYTE 0-10 L11/12D-RS-TC3-TL 6-TB1-ILUMINACION RACK´S";"1";"4";"29"
 ; ;"RS_REG 1 BYTE 0-10 L11/12D-RS-TC3-TL 6-TB1-ILUMINACION RACK´S";"1";"4";"30"
 ; ;"RS_ON/OFF 0-10 L11/12D-RS-TC3-TL 6-TB1-ILUMINACION RACK´S";"1";"4";"32"
 ; ;"SW - L13/14D-RS-TC3-TL 7-TB1-ILUMINACION RACK´S";"1";"4";"34"
 ; ;"RS_ON/OFF L13/14D-RS-TC3-TL 7-TB1-ILUMINACION RACK´S";"1";"4";"35"
 ; ;"REG_ABS 1 BYTE 0-10 L13/14D-RS-TC3-TL 7-TB1-ILUMINACION RACK´S";"1";"4";"36"
 ; ;"RS_REG 1 BYTE 0-10 L13/14D-RS-TC3-TL 7-TB1-ILUMINACION RACK´S";"1";"4";"37"
 ; ;"RS_ON/OFF 0-10 L13/14D-RS-TC3-TL 7-TB1-ILUMINACION RACK´S";"1";"4";"39"
 ; ;"SW - L15/16D-RS-TC3-TL 8-TB1-ILUMINACION RACK´S";"1";"4";"41"
 ; ;"RS_ON/OFF L15/16D-RS-TC3-TL 8-TB1-ILUMINACION RACK´S";"1";"4";"42"
 ; ;"REG_ABS 1 BYTE 0-10 L15/16D-RS-TC3-TL 8-TB1-ILUMINACION RACK´S";"1";"4";"43"
 ; ;"RS_REG 1 BYTE 0-10 L15/16D-RS-TC3-TL 8-TB1-ILUMINACION RACK´S";"1";"4";"44"
 ; ;"RS_ON/OFF 0-10 L15/16D-RS-TC3-TL 8-TB1-ILUMINACION RACK´S";"1";"4";"46"
 ; ;"SW - L17/18D-RS-TC3-TL 9-TB1-ILUMINACION RACK´S";"1";"4";"48"
 ; ;"RS_ON/OFF L17/18D-RS-TC3-TL 9-TB1-ILUMINACION RACK´S";"1";"4";"49"
 ; ;"REG_ABS 1 BYTE 0-10 L17/18D-RS-TC3-TL 9-TB1-ILUMINACION RACK´S";"1";"4";"50"
 ; ;"RS_REG 1 BYTE 0-10 L17/18D-RS-TC3-TL 9-TB1-ILUMINACION RACK´S";"1";"4";"51"
 ; ;"RS_ON/OFF 0-10 L17/18D-RS-TC3-TL 9-TB1-ILUMINACION RACK´S";"1";"4";"53"
 ; ;"SW - L19/20D-RS-TC3-TL 10-TB1-ILUMINACION RACK´S";"1";"4";"55"
 ; ;"RS_ON/OFF L19/20D-RS-TC3-TL 10-TB1-ILUMINACION RACK´S";"1";"4";"56"
 ; ;"REG_ABS 1 BYTE 0-10 L19/20D-RS-TC3-TL 10-TB1-ILUMINACION RACK´S";"1";"4";"57"
 ; ;"RS_REG 1 BYTE 0-10 L19/20D-RS-TC3-TL 10-TB1-ILUMINACION RACK´S";"1";"4";"58"
 ; ;"RS_ON/OFF 0-10 L19/20D-RS-TC3-TL 10-TB1-ILUMINACION RACK´S";"1";"4";"60"
 ; ;"SW - L1/2X-MLL-TC3-TL 1-TIEB1-ILIMINACION MUELLES";"1";"4";"62"
 ; ;"RS_ON/OFF L1/2X-MLL-TC3-TL 1-TIEB1-ILIMINACION MUELLES";"1";"4";"63"
 ; ;"SW - L3/4X-MLL-TC3-TL 2-TIEB1-ILIMINACION MUELLES";"1";"4";"65"
 ; ;"RS_ON/OFF L3/4X-MLL-TC3-TL 2-TIEB1-ILIMINACION MUELLES";"1";"4";"66"
 ; ;"SW - L5/6X-EXT-TC3-TL 3-TIEB1-ILUMINACION EXTERIOR";"1";"4";"68"
 ; ;"RS_ON/OFF L5/6X-EXT-TC3-TL 3-TIEB1-ILUMINACION EXTERIOR";"1";"4";"69"
 ; ;"SW - L7/8X-EXT-TC3-TL 4-TIEB1-ILUMINACION EXTERIOR";"1";"4";"71"
 ; ;"RS_ON/OFF L7/8X-EXT-TC3-TL 4-TIEB1-ILUMINACION EXTERIOR";"1";"4";"72"
 ; ;"SW - L9/10X-RE-TC3-TL 5-TIEB1-RESERVA EQUIPADA";"1";"4";"74"
 ; ;"RS_ON/OFF L9/10X-RE-TC3-TL 5-TIEB1-RESERVA EQUIPADA";"1";"4";"75"
 ; ;"SW - L11/12X-RE-TC3-TL 6-TIEB1-RESERVA EQUIPADA";"1";"4";"77"
 ; ;"RS_ON/OFF L11/12X-RE-TC3-TL 6-TIEB1-RESERVA EQUIPADA";"1";"4";"78"
 ; ;"SW - L1/2X-BM-TC3-TL 1-TB2-ILUMINACION BAJO MEZANINE";"1";"4";"80"
 ; ;"RS_ON/OFF L1/2X-BM-TC3-TL 1-TB2-ILUMINACION BAJO MEZANINE";"1";"4";"81"
 ; ;"SW - L3/4X-BM-TC3-TL 2-TB2-ILUMINACION BAJO MEZANINE";"1";"4";"83"
 ; ;"RS_ON/OFF L3/4X-BM-TC3-TL 2-TB2-ILUMINACION BAJO MEZANINE";"1";"4";"84"
 ; ;"SW - L5/6D-RS-TC3-TL 3-TB2-ILUMINACION RACK´S";"1";"4";"86"
 ; ;"RS_ON/OFF L5/6D-RS-TC3-TL 3-TB2-ILUMINACION RACK´S";"1";"4";"87"
 ; ;"REG_ABS 1 BYTE 0-10 L5/6D-RS-TC3-TL 3-TB2-ILUMINACION RACK´S";"1";"4";"88"
 ; ;"RS_REG 1 BYTE 0-10 L5/6D-RS-TC3-TL 3-TB2-ILUMINACION RACK´S";"1";"4";"89"
 ; ;"RS_ON/OFF 0-10 L5/6D-RS-TC3-TL 3-TB2-ILUMINACION RACK´S";"1";"4";"91"
 ; ;"SW - L7/8D-RS-TC3-TL 4-TB2-ILUMINACION RACK´S";"1";"4";"93"
 ; ;"RS_ON/OFF L7/8D-RS-TC3-TL 4-TB2-ILUMINACION RACK´S";"1";"4";"94"
 ; ;"REG_ABS 1 BYTE 0-10 L7/8D-RS-TC3-TL 4-TB2-ILUMINACION RACK´S";"1";"4";"95"
 ; ;"RS_REG 1 BYTE 0-10 L7/8D-RS-TC3-TL 4-TB2-ILUMINACION RACK´S";"1";"4";"96"
 ; ;"RS_ON/OFF 0-10 L7/8D-RS-TC3-TL 4-TB2-ILUMINACION RACK´S";"1";"4";"98"
 ; ;"SW - L9/10D-RS-TC3-TL 5-TB2-ILUMINACION RACK´S";"1";"4";"100"
 ; ;"RS_ON/OFF L9/10D-RS-TC3-TL 5-TB2-ILUMINACION RACK´S";"1";"4";"101"
 ; ;"REG_ABS 1 BYTE 0-10 L9/10D-RS-TC3-TL 5-TB2-ILUMINACION RACK´S";"1";"4";"102"
 ; ;"RS_REG 1 BYTE 0-10 L9/10D-RS-TC3-TL 5-TB2-ILUMINACION RACK´S";"1";"4";"103"
 ; ;"RS_ON/OFF 0-10 L9/10D-RS-TC3-TL 5-TB2-ILUMINACION RACK´S";"1";"4";"105"
 ; ;"SW - L11/12D-PL-TC3-TL 6-TB2-ILUMINACION PALETS";"1";"4";"107"
 ; ;"RS_ON/OFF L11/12D-PL-TC3-TL 6-TB2-ILUMINACION PALETS";"1";"4";"108"
 ; ;"REG_ABS 1 BYTE 0-10 L11/12D-PL-TC3-TL 6-TB2-ILUMINACION PALETS";"1";"4";"109"
 ; ;"RS_REG 1 BYTE 0-10 L11/12D-PL-TC3-TL 6-TB2-ILUMINACION PALETS";"1";"4";"110"
 ; ;"RS_ON/OFF 0-10 L11/12D-PL-TC3-TL 6-TB2-ILUMINACION PALETS";"1";"4";"112"
 ; ;"SW - L13/14D-PL-TC3-TL 7-TB2-ILUMINACION PALETS";"1";"4";"114"
 ; ;"RS_ON/OFF L13/14D-PL-TC3-TL 7-TB2-ILUMINACION PALETS";"1";"4";"115"
 ; ;"REG_ABS 1 BYTE 0-10 L13/14D-PL-TC3-TL 7-TB2-ILUMINACION PALETS";"1";"4";"116"
 ; ;"RS_REG 1 BYTE 0-10 L13/14D-PL-TC3-TL 7-TB2-ILUMINACION PALETS";"1";"4";"117"
 ; ;"RS_ON/OFF 0-10 L13/14D-PL-TC3-TL 7-TB2-ILUMINACION PALETS";"1";"4";"119"
 ; ;"SW - L15/16D-PL-TC3-TL 8-TB2-ILUMINACION PALETS";"1";"4";"121"
 ; ;"RS_ON/OFF L15/16D-PL-TC3-TL 8-TB2-ILUMINACION PALETS";"1";"4";"122"
 ; ;"REG_ABS 1 BYTE 0-10 L15/16D-PL-TC3-TL 8-TB2-ILUMINACION PALETS";"1";"4";"123"
 ; ;"RS_REG 1 BYTE 0-10 L15/16D-PL-TC3-TL 8-TB2-ILUMINACION PALETS";"1";"4";"124"
 ; ;"RS_ON/OFF 0-10 L15/16D-PL-TC3-TL 8-TB2-ILUMINACION PALETS";"1";"4";"126"
 ; ;"SW - L17/18D-PL-TC3-TL 9-TB2-ILUMINACION PALETS";"1";"4";"128"
 ; ;"RS_ON/OFF L17/18D-PL-TC3-TL 9-TB2-ILUMINACION PALETS";"1";"4";"129"
 ; ;"REG_ABS 1 BYTE 0-10 L17/18D-PL-TC3-TL 9-TB2-ILUMINACION PALETS";"1";"4";"130"
 ; ;"RS_REG 1 BYTE 0-10 L17/18D-PL-TC3-TL 9-TB2-ILUMINACION PALETS";"1";"4";"131"
 ; ;"RS_ON/OFF 0-10 L17/18D-PL-TC3-TL 9-TB2-ILUMINACION PALETS";"1";"4";"133"
 ; ;"SW - L1/2X-B2-TC3-TL 1-TEB2-INVERSOR 1 BODEGA 2";"1";"4";"135"
 ; ;"RS_ON/OFF L1/2X-B2-TC3-TL 1-TEB2-INVERSOR 1 BODEGA 2";"1";"4";"136"
 ; ;"SW - L3/4X-RE-TC3-TL 2-TEB2-RESERVA EQUIPADA";"1";"4";"138"
 ; ;"RS_ON/OFF L3/4X-RE-TC3-TL 2-TEB2-RESERVA EQUIPADA";"1";"4";"139"
 ; ;"SW - L1/2X-PT-TC3-TL 1-TPB2-ILUMINACION PLATAFORMA TECNICA";"1";"4";"141"
 ; ;"RS_ON/OFF L1/2X-PT-TC3-TL 1-TPB2-ILUMINACION PLATAFORMA TECNICA";"1";"4";"142"
 ; ;"SW - L3/4X-PT-TC3-TL 2-TPB2-ILUMINACION PLATAFORMA TECNICA";"1";"4";"144"
 ; ;"RS_ON/OFF L3/4X-PT-TC3-TL 2-TPB2-ILUMINACION PLATAFORMA TECNICA";"1";"4";"145"
 ; ;"SW - L5/6X-CB-TC3-TL 3-TPB2-ILUMINACION CUBIERTA";"1";"4";"147"
 ; ;"RS_ON/OFF L5/6X-CB-TC3-TL 3-TPB2-ILUMINACION CUBIERTA";"1";"4";"148"
 ; ;"SW - L7/8X-CB-TC3-TL 4-TPB2-ILUMINACION CUBIERTA";"1";"4";"150"
 ; ;"RS_ON/OFF L7/8X-CB-TC3-TL 4-TPB2-ILUMINACION CUBIERTA";"1";"4";"151"
 ; ;"SW - L1/2X-MLL-TC3-TL 1-TIEB2-ILIMINACION MUELLES";"1";"4";"153"
 ; ;"RS_ON/OFF L1/2X-MLL-TC3-TL 1-TIEB2-ILIMINACION MUELLES";"1";"4";"154"
 ; ;"SW - L3/4X-MLL-TC3-TL 2-TIEB2-ILIMINACION MUELLES";"1";"4";"156"
 ; ;"RS_ON/OFF L3/4X-MLL-TC3-TL 2-TIEB2-ILIMINACION MUELLES";"1";"4";"157"
 ; ;"SW - L5/6X-EXT-TC3-TL 3-TIEB2-ILUMINACION EXTERIOR";"1";"4";"159"
 ; ;"RS_ON/OFF L5/6X-EXT-TC3-TL 3-TIEB2-ILUMINACION EXTERIOR";"1";"4";"160"
 ; ;"SW - L7/8X-EXT-TC3-TL 4-TIEB2-ILUMINACION EXTERIOR";"1";"4";"162"
 ; ;"RS_ON/OFF L7/8X-EXT-TC3-TL 4-TIEB2-ILUMINACION EXTERIOR";"1";"4";"163"
 ; ;"SW - L9X-RE-TC3-TL 5-TIEB2-RESERVA EQUIPADA";"1";"4";"165"
 ; ;"RS_ON/OFF L9X-RE-TC3-TL 5-TIEB2-RESERVA EQUIPADA";"1";"4";"166"
 ; ;"SW - L10X-RE-TC3-TL 6-TIEB2-RESERVA EQUIPADA";"1";"4";"168"
 ; ;"RS_ON/OFF L10X-RE-TC3-TL 6-TIEB2-RESERVA EQUIPADA";"1";"4";"169"
 ; ;"SW - L11X-RE-TC3-TL 7-TIEB2-RESERVA EQUIPADA";"1";"4";"171"
 ; ;"RS_ON/OFF L11X-RE-TC3-TL 7-TIEB2-RESERVA EQUIPADA";"1";"4";"172"
 ; ;"SW - L12X-RE-TC3-TL 8-TIEB2-RESERVA EQUIPADA";"1";"4";"174"
 ; ;"RS_ON/OFF L12X-RE-TC3-TL 8-TIEB2-RESERVA EQUIPADA";"1";"4";"175"
 ;"QG.TC.04"; ;"1";"5";""
 ; ;"RS_ON/OFF_TM - Q.GTC.04 - CTO 1 ILU KIPS";"1";"5";"1"
 ; ;"RS_ON/OFF_TM - Q.GTC.04 - CTO 2 ILU CCTV-RACK-OFICINA";"1";"5";"2"
 ; ;"RS_ON/OFF_TM - Q.GTC.04 - CTO 3 ILU SALA DE REUNION";"1";"5";"3"
 ; ;"RS_ON/OFF_TM - Q.GTC.04 - CTO 4 ILU SALA DE REUNION";"1";"5";"4"
 ; ;"RS_ON/OFF_TM - Q.GTC.04 - CTO 5 ILU SALA DE REUNION";"1";"5";"5"
 ; ;"RS_ON/OFF_TM - Q.GTC.04 - CTO 6 ILU ARCHIVO";"1";"5";"6"
 ; ;"RS_ON/OFF_TM - Q.GTC.04 - CTO 7 ILU ARCHIVO";"1";"5";"7"
 ; ;"RS_ON/OFF_TM - Q.GTC.04 - CTO 8 ILU ZONA TECNICA-IT";"1";"5";"8"
 ; ;"RS_ON/OFF_TM - Q.GTC.04 - CTO 9 ILU BANOS";"1";"5";"9"
 ; ;"RS_ON/OFF_TM - Q.GTC.04 - CTO 10 ILU CAFETERIA Y ESCALERA";"1";"5";"10"
 ; ;"RS_ON/OFF_TM - Q.GTC.04 - CTO 11 ILU OFICINAS";"1";"5";"11"
 ; ;"RS_ON/OFF_TM - Q.GTC.04 - CTO 12 ILU OFICINAS";"1";"5";"12"
 ; ;"RS_ON/OFF_TM - Q.GTC.04 - CTO 13 ILU PUESTOS DE TRABAJO";"1";"5";"13"
 ; ;"RS_ON/OFF_TM - Q.GTC.04 - CTO 14 ILU PUESTOS DE TRABAJO";"1";"5";"14"
 ; ;"RS_ON/OFF_TM - Q.GTC.04 - CTO 15 ILU PUESTOS DE TRABAJO";"1";"5";"15"
 ; ;"RS_ON/OFF_TM - Q.GTC.04 - CTO 16 ILU SALA DE REUNION";"1";"5";"16"
 ; ;"RS_ON/OFF_TM - Q.GTC.04 - CTO 17 ILU SALA DE CAPACITACION";"1";"5";"17"
 ; ;"RS_ON/OFF_TM - Q.GTC.04 - CTO 18 ILU SALA DE CAPACITACION";"1";"5";"18"
 ; ;"RS_ON/OFF_TM - Q.GTC.04 - CTO 19 ILU PASILLO MEZANINE";"1";"5";"19"
 ; ;"RS_ON/OFF_TM - Q.GTC.04 - CTO 20 ILU PASILLO MEZANINE";"1";"5";"20"
 ; ;"RS_ON/OFF_TM - Q.GTC.04 - CTO 21 ILU PUENTE";"1";"5";"21"
 ; ;"RS_ON/OFF_TM - Q.GTC.04 - CTO 22 ILU PUENTE";"1";"5";"22"
 ; ;"RS_ON/OFF_TPM - Q.GTC.04 - CTO 1-2 ILU PLATAFORMA TECNICA";"1";"5";"23"
 ; ;"RS_ON/OFF_TPM - Q.GTC.04 - CTO 3-4 ILU PLATAFORMA TECNICA";"1";"5";"24"
 ; ;"RS_ON/OFF_TPM - Q.GTC.04 - CTO 5-6 ILU CUBIERTA";"1";"5";"25"
 ; ;"RS_ON/OFF_TPM - Q.GTC.04 - CTO 7-8 ILU CUBIERTA";"1";"5";"26"
 ; ;"SWITCH_TM - Q.GTC.04 - CTO 1 ILU KIPS";"1";"5";"62"
 ; ;"SWITCH_TM - Q.GTC.04 - CTO 10 ILU CAFETERIA Y ESCALERA";"1";"5";"63"
 ; ;"SWITCH_TM - Q.GTC.04 - CTO 11 ILU OFICINAS";"1";"5";"64"
 ; ;"SWITCH_TM - Q.GTC.04 - CTO 12 ILU OFICINAS";"1";"5";"65"
 ; ;"SWITCH_TM - Q.GTC.04 - CTO 13 ILU PUESTOS DE TRABAJO";"1";"5";"66"
 ; ;"SWITCH_TM - Q.GTC.04 - CTO 14 ILU PUESTOS DE TRABAJO";"1";"5";"67"
 ; ;"SWITCH_TM - Q.GTC.04 - CTO 15 ILU PUESTOS DE TRABAJO";"1";"5";"68"
 ; ;"SWITCH_TM - Q.GTC.04 - CTO 16 ILU SALA DE REUNION";"1";"5";"69"
 ; ;"SWITCH_TM - Q.GTC.04 - CTO 17 ILU SALA DE CAPACITACION";"1";"5";"70"
 ; ;"SWITCH_TM - Q.GTC.04 - CTO 18 ILU SALA DE CAPACITACION";"1";"5";"71"
 ; ;"SWITCH_TM - Q.GTC.04 - CTO 19 ILU PASILLO MEZANINE";"1";"5";"72"
 ; ;"SWITCH_TM - Q.GTC.04 - CTO 2 ILU CCTV-RACK-OFICINA";"1";"5";"73"
 ; ;"SWITCH_TM - Q.GTC.04 - CTO 20 ILU PASILLO MEZANINE";"1";"5";"74"
 ; ;"SWITCH_TM - Q.GTC.04 - CTO 21 ILU PUENTE";"1";"5";"75"
 ; ;"SWITCH_TM - Q.GTC.04 - CTO 22 ILU PUENTE";"1";"5";"76"
 ; ;"SWITCH_TM - Q.GTC.04 - CTO 3 ILU SALA DE REUNION";"1";"5";"77"
 ; ;"SWITCH_TM - Q.GTC.04 - CTO 4 ILU SALA DE REUNION";"1";"5";"78"
 ; ;"SWITCH_TM - Q.GTC.04 - CTO 5 ILU SALA DE REUNION";"1";"5";"79"
 ; ;"SWITCH_TM - Q.GTC.04 - CTO 6 ILU ARCHIVO";"1";"5";"80"
 ; ;"SWITCH_TM - Q.GTC.04 - CTO 7 ILU ARCHIVO";"1";"5";"81"
 ; ;"SWITCH_TM - Q.GTC.04 - CTO 8 ILU ZONA TECNICA-IT";"1";"5";"82"
 ; ;"SWITCH_TM - Q.GTC.04 - CTO 9 ILU BANOS";"1";"5";"83"
 ; ;"SWITCH_TPM - Q.GTC.04 - CTO 1-2 ILU PLATAFORMA TECNICA";"1";"5";"84"
 ; ;"SWITCH_TPM - Q.GTC.04 - CTO 3-4 ILU PLATAFORMA TECNICA";"1";"5";"85"
 ; ;"SWITCH_TPM - Q.GTC.04 - CTO 5-6 ILU CUBIERTA";"1";"5";"86"
 ; ;"SWITCH_TPM - Q.GTC.04 - CTO 7-8 ILU CUBIERTA";"1";"5";"87"
 ; ;"REG_GRUPO 1_OFICINAS_PUESTOS DE TRABAJO MEZANINNE";"1";"5";"88"
 ; ;"REG_GRUPO 2_OFICINAS_PUESTOS DE TRABAJO MEZANINNE";"1";"5";"89"
 ; ;"RS_REG_GRUPO 1_OFICINAS_PUESTOS DE TRABAJO MEZANINNE";"1";"5";"90"
 ; ;"RS_REG_GRUPO 2_OFICINAS_PUESTOS DE TRABAJO MEZANINNE";"1";"5";"91"
 ; ;"REG_ABS_TM - Q.GTC.04 - CTO 19 ILU PASILLO MEZANINE";"1";"5";"92"
 ; ;"RS_REG_TM - Q.GTC.04 - CTO 19 ILU PASILLO MEZANINE";"1";"5";"93"
 ; ;"REG_ABS_TM - Q.GTC.04 - CTO 20 ILU PASILLO MEZANINE";"1";"5";"94"
 ; ;"RS_REG_TM - Q.GTC.04 - CTO 20 ILU PASILLO MEZANINE";"1";"5";"95"
 ; ;"ON/OFF_DALI_GRUPO 1_OFICINAS";"1";"5";"96"
 ; ;"ON/OFF_DALI_GRUPO 2_OFICINAS";"1";"5";"97"
 ;"QG.TC.05"; ;"1";"6";""
 ; ;"SW_TC - QGTC05  - TL - CTO 1  ILU COMEDOR";"1";"6";"1"
 ; ;"SW_TC - QGTC05  - TL - CTO 2  ILU COMEDOR";"1";"6";"2"
 ; ;"SW_TC - QGTC05  - TL - CTO 3  ILUM. COCINA LAVADO Y PREPARACIONES";"1";"6";"3"
 ; ;"SW_TC - QGTC05  - TL - CTO 4  ILUM.CAMARAS - CUARTOS TECNICOS";"1";"6";"4"
 ; ;"SW_TC - QGTC05  - TL - CTO 5  ILUM. OFICINA ALMACEN Y CAVA BASURAS";"1";"6";"5"
 ; ;"SW_TC - QGTC05  - TL - CTO 6  ILU CORREDOR";"1";"6";"6"
 ; ;"SW_TC - QGTC05  - TL - CTO 7  ILU EMERGENCIA.";"1";"6";"7"
 ; ;"SW_TC - QGTC05  - TL - CTO 8  ILU CUBIERTA CASINO";"1";"6";"8"
 ; ;"SW_TC - QGTC05  - TL - CTO 9  ILU EXHIBIDORES";"1";"6";"9"
 ; ;"SW_TIEC - QGTC05  - TL - CTO 1 - 2  ILU EXTERIOR";"1";"6";"10"
 ; ;"SW_TIEC - QGTC05  - TL - CTO 3 - 4  ILU EXTERIOR";"1";"6";"11"
 ; ;"SW_TIEC - QGTC05  - TL - CTO 5 - 6  ILU EXTERIOR";"1";"6";"12"
 ; ;"SW_TIEC - QGTC05  - TL - CTO 7 - 8  ILU EXTERIOR";"1";"6";"13"
 ; ;"SW_TIEC - QGTC05  - TL - CTO 9 -10 RESERVA EQUIPADA";"1";"6";"14"
 ; ;"SW_TIEC - QGTC05  - TL - CTO 11 -12 RESERVA EQUIPADA";"1";"6";"15"
 ; ;"SW_TIEC - QGTC05  - TL - CTO 13 -14  ILU FACHADA";"1";"6";"16"
 ; ;"SW_TIEC - QGTC05  - TL - CTO 15 -16  ILU FACHADA";"1";"6";"17"
 ; ;"SW_TIEC - QGTC05  - TL - CTO 17 RESERVA EQUIPADA";"1";"6";"18"
 ; ;"SW_TIEC - QGTC05  - TL - CTO 18 RESERVA EQUIPADA";"1";"6";"19"
 ; ;"SW_TS - QGTC05  - TL - CTO 1  ILU LOBBY";"1";"6";"20"
 ; ;"SW_TS - QGTC05  - TL - CTO 2  ILU ENFERMERIA-BANOS- CUARTO TECNICO";"1";"6";"21"
 ; ;"SW_TS - QGTC05  - TL - CTO 3  ILUM PASILLO";"1";"6";"22"
 ; ;"SW_TS - QGTC05  - TL - CTO 4  ILUM PASILLO";"1";"6";"23"
 ; ;"SW_TS - QGTC05  - TL - CTO 5  ILU BANOS- VESTIER";"1";"6";"24"
 ; ;"SW_TS - QGTC05  - TL - CTO 6  ILU BANOS- VESTIER";"1";"6";"25"
 ; ;"SW_TS - QGTC05  - TL - CTO 7  ILU EMERGENCIA.";"1";"6";"26"
 ; ;"SW_TS - QGTC05  - TL - CTO 8  ILU 2° Y 3° PISO";"1";"6";"27"
 ; ;"RS_TC - QGTC05  - TL - CTO 1  ILU COMEDOR";"1";"6";"28"
 ; ;"RS_TC - QGTC05  - TL - CTO 2  ILU COMEDOR";"1";"6";"29"
 ; ;"RS_TC - QGTC05  - TL - CTO 3  ILUM. COCINA LAVADO Y PREPARACIONES";"1";"6";"30"
 ; ;"RS_TC - QGTC05  - TL - CTO 4  ILUM.CAMARAS - CUARTOS TECNICOS";"1";"6";"31"
 ; ;"RS_TC - QGTC05  - TL - CTO 5  ILUM. OFICINA ALMACEN Y CAVA BASURAS";"1";"6";"32"
 ; ;"RS_TC - QGTC05  - TL - CTO 6  ILU CORREDOR";"1";"6";"33"
 ; ;"RS_TC - QGTC05  - TL - CTO 7  ILU EMERGENCIA.";"1";"6";"34"
 ; ;"RS_TC - QGTC05  - TL - CTO 8  ILU CUBIERTA CASINO";"1";"6";"35"
 ; ;"RS_TC - QGTC05  - TL - CTO 9  ILU EXHIBIDORES";"1";"6";"36"
 ; ;"RS_TIEC - QGTC05  - TL - CTO 1 - 2  ILU EXTERIOR";"1";"6";"37"
 ; ;"RS_TIEC - QGTC05  - TL - CTO 3 - 4  ILU EXTERIOR";"1";"6";"38"
 ; ;"RS_TIEC - QGTC05  - TL - CTO 5 - 6  ILU EXTERIOR";"1";"6";"39"
 ; ;"RS_TIEC - QGTC05  - TL - CTO 7 - 8  ILU EXTERIOR";"1";"6";"40"
 ; ;"RS_TIEC - QGTC05  - TL - CTO 9 -10 RESERVA EQUIPADA";"1";"6";"41"
 ; ;"RS_TIEC - QGTC05  - TL - CTO 11 -12 RESERVA EQUIPADA";"1";"6";"42"
 ; ;"RS_TIEC - QGTC05  - TL - CTO 13 -14  ILU FACHADA";"1";"6";"43"
 ; ;"RS_TIEC - QGTC05  - TL - CTO 15 -16  ILU FACHADA";"1";"6";"44"
 ; ;"RS_TIEC - QGTC05  - TL - CTO 17 RESERVA EQUIPADA";"1";"6";"45"
 ; ;"RS_TIEC - QGTC05  - TL - CTO 18 RESERVA EQUIPADA";"1";"6";"46"
 ; ;"RS_TS - QGTC05  - TL - CTO 1  ILU LOBBY";"1";"6";"47"
 ; ;"RS_TS - QGTC05  - TL - CTO 2  ILU ENFERMERIA-BANOS- CUARTO TECNICO";"1";"6";"48"
 ; ;"RS_TS - QGTC05  - TL - CTO 3  ILUM PASILLO";"1";"6";"49"
 ; ;"RS_TS - QGTC05  - TL - CTO 4  ILUM PASILLO";"1";"6";"50"
 ; ;"RS_TS - QGTC05  - TL - CTO 5  ILU BANOS- VESTIER";"1";"6";"51"
 ; ;"RS_TS - QGTC05  - TL - CTO 6  ILU BANOS- VESTIER";"1";"6";"52"
 ; ;"RS_TS - QGTC05  - TL - CTO 7  ILU EMERGENCIA.";"1";"6";"53"
 ; ;"RS_TS - QGTC05  - TL - CTO 8  ILU 2° Y 3° PISO";"1";"6";"54"
 ; ;"ON/OFF_GRUPO 1_ILU COMEDOR";"1";"6";"55"
 ; ;"ON/OFF_GRUPO 2_ILU COMEDOR";"1";"6";"56"
 ; ;"REG_GRUPO 1_ILU COMEDOR";"1";"6";"57"
 ; ;"REG_GRUPO 2_ILU COMEDOR";"1";"6";"58"
 ; ;"RS_REG_GRUPO 2_ILU CASINO";"1";"6";"59"
 ; ;"RS_REG_GRUPO 2_ILU CASINO";"1";"6";"60"
"kjb"; ; ;"2";"";""
 ;"lkjn"; ;"2";"0";""
 ; ;"1";"2";"0";"0"
 ; ;"1 peticion";"2";"0";"1"
 ; ;"2";"2";"0";"2"
 ; ;"2 peticion";"2";"0";"3"
"MEDIDORES DE AGUA"; ; ;"4";"";""
 ;"Q.GTC1"; ;"4";"1";""
 ; ;"Consumo Documentos";"4";"1";"0"
 ; ;"Caudal Documentos";"4";"1";"1"
 ; ;"Alarma caudal bajo Documentos";"4";"1";"2"
 ; ;"Valor Caudal Bajo Documentos";"4";"1";"3"
 ; ;"Alarma caudal Alto Documentos";"4";"1";"4"
 ; ;"Valor Caudal Alto Documentos";"4";"1";"5"
 ; ;"RES_1 Documentos";"4";"1";"6"
 ; ;"RES_2 Documentos";"4";"1";"7"
 ; ;"RES_3 Documentos";"4";"1";"8"
 ; ;"Consumo Portería";"4";"1";"9"
 ; ;"Caudal Portería";"4";"1";"10"
 ; ;"Alarma caudal bajo Portería";"4";"1";"11"
 ; ;"Valor Caudal Bajo Portería";"4";"1";"12"
 ; ;"Alarma caudal Alto Portería";"4";"1";"13"
 ; ;"Valor Caudal Alto Portería";"4";"1";"14"
 ; ;"RES_1 Portería";"4";"1";"15"
 ; ;"RES_2 Portería";"4";"1";"16"
 ; ;"RES_3 Portería";"4";"1";"17"
 ; ;"Consumo PTAP/Reposición Equipos de Frío";"4";"1";"18"
 ; ;"Caudal PTAP/Reposición Equipos de Frío";"4";"1";"19"
 ; ;"Alarma caudal bajo PTAP/Reposición Equipos de Frío";"4";"1";"20"
 ; ;"Valor Caudal Bajo PTAP/Reposición Equipos de Frío";"4";"1";"21"
 ; ;"Alarma caudal Alto PTAP/Reposición Equipos de Frío";"4";"1";"22"
 ; ;"Valor Caudal Alto PTAP/Reposición Equipos de Frío";"4";"1";"23"
 ; ;"RES_1 PTAP/Reposición Equipos de Frío";"4";"1";"24"
 ; ;"RES_2 PTAP/Reposición Equipos de Frío";"4";"1";"25"
 ; ;"RES_3 PTAP/Reposición Equipos de Frío";"4";"1";"26"
 ; ;"Consumo Extracción de Amaniaco Equipos de Frío";"4";"1";"27"
 ; ;"Caudal Extracción de Amaniaco Equipos de Frío";"4";"1";"28"
 ; ;"Alarma caudal bajo Extracción de Amaniaco Equipos de Frío";"4";"1";"29"
 ; ;"Valor Caudal Bajo Extracción de Amaniaco Equipos de Frío";"4";"1";"30"
 ; ;"Alarma caudal Alto Extracción de Amaniaco Equipos de Frío";"4";"1";"31"
 ; ;"Valor Caudal Alto Extracción de Amaniaco Equipos de Frío";"4";"1";"32"
 ; ;"RES_1 Extracción de Amaniaco Equipos de Frío";"4";"1";"33"
 ; ;"RES_2 Extracción de Amaniaco Equipos de Frío";"4";"1";"34"
 ; ;"RES_3 Extracción de Amaniaco Equipos de Frío";"4";"1";"35"
 ; ;"Consumo Sistema Neutralizador Equipos de Frío";"4";"1";"36"
 ; ;"Caudal Sistema Neutralizador Equipos de Frío";"4";"1";"37"
 ; ;"Alarma caudal bajo Sistema Neutralizador Equipos de Frío";"4";"1";"38"
 ; ;"Valor Caudal Bajo Sistema Neutralizador Equipos de Frío";"4";"1";"39"
 ; ;"Alarma caudal Alto Sistema Neutralizador Equipos de Frío";"4";"1";"40"
 ; ;"Valor Caudal Alto Sistema Neutralizador Equipos de Frío";"4";"1";"41"
 ; ;"RES_1 Sistema Neutralizador Equipos de Frío";"4";"1";"42"
 ; ;"RES_2 Sistema Neutralizador Equipos de Frío";"4";"1";"43"
 ; ;"RES_3 Sistema Neutralizador Equipos de Frío";"4";"1";"44"
 ; ;"Consumo Alimentación de agua para purgador";"4";"1";"45"
 ; ;"Caudal Alimentación de agua para purgador";"4";"1";"46"
 ; ;"Alarma caudal bajo Alimentación de agua para purgador";"4";"1";"47"
 ; ;"Valor Caudal Bajo Alimentación de agua para purgador";"4";"1";"48"
 ; ;"Alarma caudal Alto Alimentación de agua para purgador";"4";"1";"49"
 ; ;"Valor Caudal Alto Alimentación de agua para purgador";"4";"1";"50"
 ; ;"RES_1 Alimentación de agua para purgador";"4";"1";"51"
 ; ;"RES_2 Alimentación de agua para purgador";"4";"1";"52"
 ; ;"RES_3 Alimentación de agua para purgador";"4";"1";"53"
 ;"Q.GTC2"; ;"4";"2";""
 ; ;"Consumo Acueducto San Martin/PTAP";"4";"2";"0"
 ; ;"Caudal Acueducto San Martin/PTAP";"4";"2";"1"
 ; ;"Alarma caudal bajo Acueducto San Martin/PTAP";"4";"2";"2"
 ; ;"Valor Caudal Bajo Acueducto San Martin/PTAP";"4";"2";"3"
 ; ;"Alarma caudal Alto Acueducto San Martin/PTAP";"4";"2";"4"
 ; ;"Valor Caudal Alto Acueducto San Martin/PTAP";"4";"2";"5"
 ; ;"RES_1 Acueducto San Martin/PTAP";"4";"2";"6"
 ; ;"RES_2 Acueducto San Martin/PTAP";"4";"2";"7"
 ; ;"RES_3 Acueducto San Martin/PTAP";"4";"2";"8"
 ; ;"Consumo Acueducto La Aurora/PTAP";"4";"2";"9"
 ; ;"Caudal Acueducto La Aurora/PTAP";"4";"2";"10"
 ; ;"Alarma caudal bajo Acueducto La Aurora/PTAP";"4";"2";"11"
 ; ;"Valor Caudal Bajo Acueducto La Aurora/PTAP";"4";"2";"12"
 ; ;"Alarma caudal Alto Acueducto La Aurora/PTAP";"4";"2";"13"
 ; ;"Valor Caudal Alto Acueducto La Aurora/PTAP";"4";"2";"14"
 ; ;"RES_1 Acueducto La Aurora/PTAP";"4";"2";"15"
 ; ;"RES_2 Acueducto La Aurora/PTAP";"4";"2";"16"
 ; ;"RES_3 Acueducto La Aurora/PTAP";"4";"2";"17"
 ; ;"Consumo PTAP/Distribución";"4";"2";"18"
 ; ;"Caudal PTAP/Distribución";"4";"2";"19"
 ; ;"Alarma caudal bajo PTAP/Distribución";"4";"2";"20"
 ; ;"Valor Caudal Bajo PTAP/Distribución";"4";"2";"21"
 ; ;"Alarma caudal Alto PTAP/Distribución";"4";"2";"22"
 ; ;"Valor Caudal Alto PTAP/Distribución";"4";"2";"23"
 ; ;"RES_1 PTAP/Distribución";"4";"2";"24"
 ; ;"RES_2 PTAP/Distribución";"4";"2";"25"
 ; ;"RES_3 PTAP/Distribución";"4";"2";"26"
 ; ;"Consumo PTAP";"4";"2";"27"
 ; ;"Caudal PTAP";"4";"2";"28"
 ; ;"Alarma caudal bajo PTAP";"4";"2";"29"
 ; ;"Valor Caudal Bajo PTAP";"4";"2";"30"
 ; ;"Alarma caudal Alto PTAP";"4";"2";"31"
 ; ;"Valor Caudal Alto PTAP";"4";"2";"32"
 ; ;"RES_1 PTAP";"4";"2";"33"
 ; ;"RES_2 PTAP";"4";"2";"34"
 ; ;"RES_3 PTAP";"4";"2";"35"
 ; ;"Consumo Pozo de agua Subterranea/PTAP";"4";"2";"36"
 ; ;"Caudal Pozo de agua Subterranea/PTAP";"4";"2";"37"
 ; ;"Alarma caudal bajo Pozo de agua Subterranea/PTAP";"4";"2";"38"
 ; ;"Valor Caudal Bajo Pozo de agua Subterranea/PTAP";"4";"2";"39"
 ; ;"Alarma caudal Alto Pozo de agua Subterranea/PTAP";"4";"2";"40"
 ; ;"Valor Caudal Alto Pozo de agua Subterranea/PTAP";"4";"2";"41"
 ; ;"RES_1 Pozo de agua Subterranea/PTAP";"4";"2";"42"
 ; ;"RES_2 Pozo de agua Subterranea/PTAP";"4";"2";"43"
 ; ;"RES_3 Pozo de agua Subterranea/PTAP";"4";"2";"44"
 ; ;"Consumo Lavado Externo de Camiones";"4";"2";"45"
 ; ;"Caudal Lavado Externo de Camiones";"4";"2";"46"
 ; ;"Alarma caudal bajo Lavado Externo de Camiones";"4";"2";"47"
 ; ;"Valor Caudal Bajo Lavado Externo de Camiones";"4";"2";"48"
 ; ;"Alarma caudal Alto Lavado Externo de Camiones";"4";"2";"49"
 ; ;"Valor Caudal Alto Lavado Externo de Camiones";"4";"2";"50"
 ; ;"RES_1 Lavado Externo de Camiones";"4";"2";"51"
 ; ;"RES_2 Lavado Externo de Camiones";"4";"2";"52"
 ; ;"RES_3 Lavado Externo de Camiones";"4";"2";"53"
 ; ;"Consumo Residuos Peligrosos";"4";"2";"54"
 ; ;"Caudal Residuos Peligrosos";"4";"2";"55"
 ; ;"Alarma caudal bajo Residuos Peligrosos";"4";"2";"56"
 ; ;"Valor Caudal Bajo Residuos Peligrosos";"4";"2";"57"
 ; ;"Alarma caudal Alto Residuos Peligrosos";"4";"2";"58"
 ; ;"Valor Caudal Alto Residuos Peligrosos";"4";"2";"59"
 ; ;"RES_1 Residuos Peligrosos";"4";"2";"60"
 ; ;"RES_2 Residuos Peligrosos";"4";"2";"61"
 ; ;"RES_3 Residuos Peligrosos";"4";"2";"62"
 ; ;"Consumo Tanque RCI";"4";"2";"63"
 ; ;"Caudal Tanque RCI";"4";"2";"64"
 ; ;"Alarma caudal bajo Tanque RCI";"4";"2";"65"
 ; ;"Valor Caudal Bajo Tanque RCI";"4";"2";"66"
 ; ;"Alarma caudal Alto Tanque RCI";"4";"2";"67"
 ; ;"Valor Caudal Alto Tanque RCI";"4";"2";"68"
 ; ;"RES_1 Tanque RCI";"4";"2";"69"
 ; ;"RES_2 Tanque RCI";"4";"2";"70"
 ; ;"RES_3 Tanque RCI";"4";"2";"71"
 ; ;"Consumo Lavado Interno de Camiones";"4";"2";"72"
 ; ;"Caudal Lavado Interno de Camiones";"4";"2";"73"
 ; ;"Alarma caudal bajo Lavado Interno de Camiones";"4";"2";"74"
 ; ;"Valor Caudal Bajo Lavado Interno de Camiones";"4";"2";"75"
 ; ;"Alarma caudal Alto Lavado Interno de Camiones";"4";"2";"76"
 ; ;"Valor Caudal Alto Lavado Interno de Camiones";"4";"2";"77"
 ; ;"RES_1 Lavado Interno de Camiones";"4";"2";"78"
 ; ;"RES_2 Lavado Interno de Camiones";"4";"2";"79"
 ; ;"RES_3 Lavado Interno de Camiones";"4";"2";"80"
 ;"Q.GTC3"; ;"4";"3";""
 ; ;"Consumo Bodega";"4";"3";"0"
 ; ;"Caudal Bodega";"4";"3";"1"
 ; ;"Alarma caudal bajo Bodega";"4";"3";"2"
 ; ;"Valor Caudal Bajo Bodega";"4";"3";"3"
 ; ;"Alarma caudal Alto Bodega";"4";"3";"4"
 ; ;"Valor Caudal Alto Bodega";"4";"3";"5"
 ; ;"RES_1 Bodega";"4";"3";"6"
 ; ;"RES_2 Bodega";"4";"3";"7"
 ; ;"RES_3 Bodega";"4";"3";"8"
 ;"Q.GTC4"; ;"4";"4";""
 ; ;"Consumo Mezanine";"4";"4";"0"
 ; ;"Caudal Mezanine";"4";"4";"1"
 ; ;"Alarma caudal bajo Mezanine";"4";"4";"2"
 ; ;"Valor Caudal Bajo Mezanine";"4";"4";"3"
 ; ;"Alarma caudal Alto Mezanine";"4";"4";"4"
 ; ;"Valor Caudal Alto Mezanine";"4";"4";"5"
 ; ;"RES_1 Mezanine";"4";"4";"6"
 ; ;"RES_2 Mezanine";"4";"4";"7"
 ; ;"RES_3 Mezanine";"4";"4";"8"
 ;"Q.GTC5"; ;"4";"5";""
 ; ;"Consumo Calentadores de Agua Duchas";"4";"5";"0"
 ; ;"Caudal Calentadores de Agua Duchas";"4";"5";"1"
 ; ;"Alarma caudal bajo Calentadores de Agua Duchas";"4";"5";"2"
 ; ;"Valor Caudal Bajo Calentadores de Agua Duchas";"4";"5";"3"
 ; ;"Alarma caudal Alto Calentadores de Agua Duchas";"4";"5";"4"
 ; ;"Valor Caudal Alto Calentadores de Agua Duchas";"4";"5";"5"
 ; ;"RES_1 Calentadores de Agua Duchas";"4";"5";"6"
 ; ;"RES_2 Calentadores de Agua Duchas";"4";"5";"7"
 ; ;"RES_3 Calentadores de Agua Duchas";"4";"5";"8"
 ; ;"Consumo BaNos de Servicios";"4";"5";"9"
 ; ;"Caudal BaNos de Servicios";"4";"5";"10"
 ; ;"Alarma caudal bajo BaNos de Servicios";"4";"5";"11"
 ; ;"Valor Caudal Bajo BaNos de Servicios";"4";"5";"12"
 ; ;"Alarma caudal Alto BaNos de Servicios";"4";"5";"13"
 ; ;"Valor Caudal Alto BaNos de Servicios";"4";"5";"14"
 ; ;"RES_1 BaNos de Servicios";"4";"5";"15"
 ; ;"RES_2 BaNos de Servicios";"4";"5";"16"
 ; ;"RES_3 BaNos de Servicios";"4";"5";"17"
 ; ;"Consumo Cocina de Servicios";"4";"5";"18"
 ; ;"Caudal Cocina de Servicios";"4";"5";"19"
 ; ;"Alarma caudal bajo Cocina de Servicios";"4";"5";"20"
 ; ;"Valor Caudal Bajo Cocina de Servicios";"4";"5";"21"
 ; ;"Alarma caudal Alto Cocina de Servicios";"4";"5";"22"
 ; ;"Valor Caudal Alto Cocina de Servicios";"4";"5";"23"
 ; ;"RES_1 Cocina de Servicios";"4";"5";"24"
 ; ;"RES_2 Cocina de Servicios";"4";"5";"25"
 ; ;"RES_3 Cocina de Servicios";"4";"5";"26"
 ; ;"Consumo Calentador Electrico Cocina";"4";"5";"27"
 ; ;"Caudal Calentador Electrico Cocina";"4";"5";"28"
 ; ;"Alarma caudal bajo Calentador Electrico Cocina";"4";"5";"29"
 ; ;"Valor Caudal Bajo Calentador Electrico Cocina";"4";"5";"30"
 ; ;"Alarma caudal Alto Calentador Electrico Cocina";"4";"5";"31"
 ; ;"Valor Caudal Alto Calentador Electrico Cocina";"4";"5";"32"
 ; ;"RES_1 Calentador Electrico Cocina";"4";"5";"33"
 ; ;"RES_2 Calentador Electrico Cocina";"4";"5";"34"
 ; ;"RES_3 Calentador Electrico Cocina";"4";"5";"35"
 ; ;"Consumo PTAR";"4";"5";"36"
 ; ;"Caudal PTAR";"4";"5";"37"
 ; ;"Alarma caudal bajo PTAR";"4";"5";"38"
 ; ;"Valor Caudal Bajo PTAR";"4";"5";"39"
 ; ;"Alarma caudal Alto PTAR";"4";"5";"40"
 ; ;"Valor Caudal Alto PTAR";"4";"5";"41"
 ; ;"RES_1 PTAR";"4";"5";"42"
 ; ;"RES_2 PTAR";"4";"5";"43"
 ; ;"RES_3 PTAR";"4";"5";"44"
"MONITOREO"; ; ;"7";"";""
 ;"GENERAL"; ;"7";"0";""
 ; ;"BLOQUEO_SPBG_1_QGTC02";"7";"0";"1"
 ; ;"BLOQUEO_SPBG_2_QGTC03";"7";"0";"2"
 ; ;"BLOQUEO_LACTEOS_QGTC01";"7";"0";"3"
 ; ;"BLOQUEO_FRUVER_QGTC01";"7";"0";"4"
 ; ;"BLOQUEO_CONGELADOS_QGTC01";"7";"0";"5"
 ; ;"BLOQUEO_CASINO_QGTC05";"7";"0";"6"
 ; ;"BLOQUEO_OFICINAS_QGTC04";"7";"0";"7"
 ; ;"BLOQUEO_PASILLO OFICINAS_QGTC04";"7";"0";"8"
 ;"Q.GTC1"; ;"7";"1";""
 ; ;"TEMP_JUNT";"7";"1";"0"
 ; ;"HUMEDAD_JUNT";"7";"1";"1"
 ; ;"CO2_JUNT";"7";"1";"2"
 ; ;"DEWPOINT_JUNT";"7";"1";"3"
 ; ;"TEMP RECINTO_FLAT SENSATO";"7";"1";"4"
 ; ;"TEMP 1_FLAT SENSATO";"7";"1";"5"
 ; ;"TEMP 2_FLAT SENSATO";"7";"1";"6"
 ; ;"HUMEDAD_FLAT SENSATO";"7";"1";"7"
 ; ;"DEW_POINT_FLAT SENSATO";"7";"1";"8"
 ;"Q.GTC2"; ;"7";"2";""
 ;"Q.GTC3"; ;"7";"3";""
 ;"Q.GTC4"; ;"7";"4";""
 ;"Q.GTC5"; ;"7";"5";""
"SENSORES DE PRESENCIA"; ; ;"9";"";""
 ;"GENERAL"; ;"9";"0";""
 ; ;"BLOQUEO_LACTEOS_QGTC01";"9";"0";"3"
 ; ;"BLOQUEO_FRUVER_QGTC01";"9";"0";"4"
 ; ;"BLOQUEO_CONGELADOS_QGTC01";"9";"0";"5"
 ; ;"BLOQUEO_CASINO_QGTC05";"9";"0";"6"
 ; ;"BLOQUEO_OFICINAS_QGTC04";"9";"0";"7"
 ; ;"BLOQUEO_PASILLO OFICINAS_QGTC04";"9";"0";"8"
 ; ;"BLOQUEO SENSORES BG1";"9";"0";"11"
 ; ;"BLOQUEO SENSORES BG2";"9";"0";"12"
 ; ;"BLOQUEO SENSORES BG3";"9";"0";"13"
 ; ;"BLOQUEO SENSORES BG4";"9";"0";"14"
 ;"Q.GTC1"; ;"9";"1";""
 ; ;"DT_SP3-01_CONGELADOS";"9";"1";"1"
 ; ;"LM_SP3-01_CONGELADOS";"9";"1";"2"
 ; ;"SET LM_SP3-01_CONGELADOS";"9";"1";"3"
 ; ;"BLQ_SP3-01_CONGELADOS";"9";"1";"4"
 ; ;"TS DT_SP3-01_CONGELADOS";"9";"1";"5"
 ; ;"TS AU_SP3-01_CONGELADOS";"9";"1";"6"
 ; ;"RES_SP3-01_CONGELADOS";"9";"1";"7"
 ; ;"DT_SP3-02_CONGELADOS";"9";"1";"8"
 ; ;"LM_SP3-02_CONGELADOS";"9";"1";"9"
 ; ;"SET LM_SP3-02_CONGELADOS";"9";"1";"10"
 ; ;"BLQ_SP3-02_CONGELADOS";"9";"1";"11"
 ; ;"TS DT_SP3-02_CONGELADOS";"9";"1";"12"
 ; ;"TS AU_SP3-02_CONGELADOS";"9";"1";"13"
 ; ;"RES_SP3-02_CONGELADOS";"9";"1";"14"
 ; ;"DT_SP3-03_CONGELADOS";"9";"1";"15"
 ; ;"LM_SP3-03_CONGELADOS";"9";"1";"16"
 ; ;"SET LM_SP3-03_CONGELADOS";"9";"1";"17"
 ; ;"BLQ_SP3-03_CONGELADOS";"9";"1";"18"
 ; ;"TS DT_SP3-03_CONGELADOS";"9";"1";"19"
 ; ;"TS AU_SP3-03_CONGELADOS";"9";"1";"20"
 ; ;"RES_SP3-03_CONGELADOS";"9";"1";"21"
 ; ;"DT_SP3-04_CONGELADOS";"9";"1";"22"
 ; ;"LM_SP3-04_CONGELADOS";"9";"1";"23"
 ; ;"SET LM_SP3-04_CONGELADOS";"9";"1";"24"
 ; ;"BLQ_SP3-04_CONGELADOS";"9";"1";"25"
 ; ;"TS DT_SP3-04_CONGELADOS";"9";"1";"26"
 ; ;"TS AU_SP3-04_CONGELADOS";"9";"1";"27"
 ; ;"RES_SP3-04_CONGELADOS";"9";"1";"28"
 ; ;"DT_SP3-05_CONGELADOS";"9";"1";"29"
 ; ;"LM_SP3-05_CONGELADOS";"9";"1";"30"
 ; ;"SET LM_SP3-05_CONGELADOS";"9";"1";"31"
 ; ;"BLQ_SP3-05_CONGELADOS";"9";"1";"32"
 ; ;"TS DT_SP3-05_CONGELADOS";"9";"1";"33"
 ; ;"TS AU_SP3-05_CONGELADOS";"9";"1";"34"
 ; ;"RES_SP3-05_CONGELADOS";"9";"1";"35"
 ; ;"DT_SP3-06_CONGELADOS";"9";"1";"36"
 ; ;"LM_SP3-06_CONGELADOS";"9";"1";"37"
 ; ;"SET LM_SP3-06_CONGELADOS";"9";"1";"38"
 ; ;"BLQ_SP3-06_CONGELADOS";"9";"1";"39"
 ; ;"TS DT_SP3-06_CONGELADOS";"9";"1";"40"
 ; ;"TS AU_SP3-06_CONGELADOS";"9";"1";"41"
 ; ;"RES_SP3-06_CONGELADOS";"9";"1";"42"
 ; ;"DT_SP7-01_CONGELADOS";"9";"1";"43"
 ; ;"LM_SP7-01_CONGELADOS";"9";"1";"44"
 ; ;"SET LM_SP7-01_CONGELADOS";"9";"1";"45"
 ; ;"BLQ_SP7-01_CONGELADOS";"9";"1";"46"
 ; ;"TS DT_SP7-01_CONGELADOS";"9";"1";"47"
 ; ;"TS AU_SP7-01_CONGELADOS";"9";"1";"48"
 ; ;"RES_SP7-01_CONGELADOS";"9";"1";"49"
 ; ;"DT_SP7-02_CONGELADOS";"9";"1";"50"
 ; ;"LM_SP7-02_CONGELADOS";"9";"1";"51"
 ; ;"SET LM_SP7-02_CONGELADOS";"9";"1";"52"
 ; ;"BLQ_SP7-01_CONGELADOS";"9";"1";"53"
 ; ;"TS DT_SP7-01_CONGELADOS";"9";"1";"54"
 ; ;"TS AU_SP7-01_CONGELADOS";"9";"1";"55"
 ; ;"RES_SP7-01_CONGELADOS";"9";"1";"56"
 ; ;"DT_SP1-05_FRUVER";"9";"1";"57"
 ; ;"LM_SP1-05_FRUVER";"9";"1";"58"
 ; ;"SET LM_SP1-05_FRUVER";"9";"1";"59"
 ; ;"BLQ_SP1-05_FRUVER";"9";"1";"60"
 ; ;"TS DT_SP1-05_FRUVER";"9";"1";"61"
 ; ;"TS AU_SP1-05_FRUVER";"9";"1";"62"
 ; ;"RES_SP1-05_FRUVER";"9";"1";"63"
 ; ;"DT_SP1-06_FRUVER";"9";"1";"64"
 ; ;"LM_SP1-06_FRUVER";"9";"1";"65"
 ; ;"SET LM_SP1-06_FRUVER";"9";"1";"66"
 ; ;"BLQ_SP1-06_FRUVER";"9";"1";"67"
 ; ;"TS DT_SP1-06_FRUVER";"9";"1";"68"
 ; ;"TS AU_SP1-06_FRUVER";"9";"1";"69"
 ; ;"RES_SP1-06_FRUVER";"9";"1";"70"
 ; ;"DT_SP1-07_FRUVER";"9";"1";"71"
 ; ;"LM_SP1-07_FRUVER";"9";"1";"72"
 ; ;"SET LM_SP1-07_FRUVER";"9";"1";"73"
 ; ;"BLQ_SP1-07_FRUVER";"9";"1";"74"
 ; ;"TS DT_SP1-07_FRUVER";"9";"1";"75"
 ; ;"TS AU_SP1-07_FRUVER";"9";"1";"76"
 ; ;"RES_SP1-07_FRUVER";"9";"1";"77"
 ; ;"DT_SP2-11_FRUVER";"9";"1";"78"
 ; ;"LM_SP2-11_FRUVER";"9";"1";"79"
 ; ;"SET LM_SP2-11_FRUVER";"9";"1";"80"
 ; ;"BLQ_SP2-11_FRUVER";"9";"1";"81"
 ; ;"TS DT_SP2-11_FRUVER";"9";"1";"82"
 ; ;"TS AU_SP2-11_FRUVER";"9";"1";"83"
 ; ;"RES_SP2-11_FRUVER";"9";"1";"84"
 ; ;"DT_SP2-12_FRUVER";"9";"1";"85"
 ; ;"LM_SP2-12_FRUVER";"9";"1";"86"
 ; ;"SET LM_SP2-12_FRUVER";"9";"1";"87"
 ; ;"BLQ_SP2-12_FRUVER";"9";"1";"88"
 ; ;"TS DT_SP2-12_FRUVER";"9";"1";"89"
 ; ;"TS AU_SP2-12_FRUVER";"9";"1";"90"
 ; ;"RES_SP2-12_FRUVER";"9";"1";"91"
 ; ;"DT_SP2-13_FRUVER";"9";"1";"92"
 ; ;"LM_SP2-13_FRUVER";"9";"1";"93"
 ; ;"SET LM_SP2-13_FRUVER";"9";"1";"94"
 ; ;"BLQ_SP2-13_FRUVER";"9";"1";"95"
 ; ;"TS DT_SP2-13_FRUVER";"9";"1";"96"
 ; ;"TS AU_SP2-13_FRUVER";"9";"1";"97"
 ; ;"RES_SP2-13_FRUVER";"9";"1";"98"
 ; ;"DT_SP2-14_FRUVER";"9";"1";"99"
 ; ;"LM_SP2-14_FRUVER";"9";"1";"100"
 ; ;"SET LM_SP2-14_FRUVER";"9";"1";"101"
 ; ;"BLQ_SP2-14_FRUVER";"9";"1";"102"
 ; ;"TS DT_SP2-14_FRUVER";"9";"1";"103"
 ; ;"TS AU_SP2-14_FRUVER";"9";"1";"104"
 ; ;"RES_SP2-14_FRUVER";"9";"1";"105"
 ; ;"DT_SP1-01_LACTEOS";"9";"1";"106"
 ; ;"LM_SP1-01_LACTEOS";"9";"1";"107"
 ; ;"SET LM_SP1-01_LACTEOS";"9";"1";"108"
 ; ;"BLQ_SP1-01_LACTEOS";"9";"1";"109"
 ; ;"TS DT_SP1-01_LACTEOS";"9";"1";"110"
 ; ;"TS AU_SP1-01_LACTEOS";"9";"1";"111"
 ; ;"RES_SP1-01_LACTEOS";"9";"1";"112"
 ; ;"DT_SP1-02_LACTEOS";"9";"1";"113"
 ; ;"LM_SP1-02_LACTEOS";"9";"1";"114"
 ; ;"SET LM_SP1-02_LACTEOS";"9";"1";"115"
 ; ;"BLQ_SP1-02_LACTEOS";"9";"1";"116"
 ; ;"TS DT_SP1-02_LACTEOS";"9";"1";"117"
 ; ;"TS AU_SP1-02_LACTEOS";"9";"1";"118"
 ; ;"RES_SP1-02_LACTEOS";"9";"1";"119"
 ; ;"DT_SP2-01_LACTEOS";"9";"1";"120"
 ; ;"LM_SP2-01_LACTEOS";"9";"1";"121"
 ; ;"SET LM_SP2-01_LACTEOS";"9";"1";"122"
 ; ;"BLQ_SP2-01_LACTEOS";"9";"1";"123"
 ; ;"TS DT_SP2-01_LACTEOS";"9";"1";"124"
 ; ;"TS AU_SP2-01_LACTEOS";"9";"1";"125"
 ; ;"RES_SP2-01_LACTEOS";"9";"1";"126"
 ; ;"DT_SP2-02_LACTEOS";"9";"1";"127"
 ; ;"LM_SP2-02_LACTEOS";"9";"1";"128"
 ; ;"SET LM_SP2-02_LACTEOS";"9";"1";"129"
 ; ;"BLQ_SP2-02_LACTEOS";"9";"1";"130"
 ; ;"TS DT_SP2-02_LACTEOS";"9";"1";"131"
 ; ;"TS AU_SP2-02_LACTEOS";"9";"1";"132"
 ; ;"RES_SP2-02_LACTEOS";"9";"1";"133"
 ; ;"DT_SP2-03_LACTEOS";"9";"1";"134"
 ; ;"LM_SP2-03_LACTEOS";"9";"1";"135"
 ; ;"SET LM_SP2-03_LACTEOS";"9";"1";"136"
 ; ;"BLQ_SP2-03_LACTEOS";"9";"1";"137"
 ; ;"TS DT_SP2-03_LACTEOS";"9";"1";"138"
 ; ;"TS AU_SP2-03_LACTEOS";"9";"1";"139"
 ; ;"RES_SP2-03_LACTEOS";"9";"1";"140"
 ; ;"DT_SP2-04_LACTEOS";"9";"1";"141"
 ; ;"LM_SP2-04_LACTEOS";"9";"1";"142"
 ; ;"SET LM_SP2-04_LACTEOS";"9";"1";"143"
 ; ;"BLQ_SP2-04_LACTEOS";"9";"1";"144"
 ; ;"TS DT_SP2-04_LACTEOS";"9";"1";"145"
 ; ;"TS AU_SP2-04_LACTEOS";"9";"1";"146"
 ; ;"RES_SP2-04_LACTEOS";"9";"1";"147"
 ; ;"DT_SP2-05_LACTEOS";"9";"1";"148"
 ; ;"LM_SP2-05_LACTEOS";"9";"1";"149"
 ; ;"SET LM_SP2-05_LACTEOS";"9";"1";"150"
 ; ;"BLQ_SP2-05_LACTEOS";"9";"1";"151"
 ; ;"TS DT_SP2-05_LACTEOS";"9";"1";"152"
 ; ;"TS AU_SP2-05_LACTEOS";"9";"1";"153"
 ; ;"RES_SP2-05_LACTEOS";"9";"1";"154"
 ; ;"DT_SP2-06_LACTEOS";"9";"1";"155"
 ; ;"LM_SP2-06_LACTEOS";"9";"1";"156"
 ; ;"SET LM_SP2-06_LACTEOS";"9";"1";"157"
 ; ;"BLQ_SP2-06_LACTEOS";"9";"1";"158"
 ; ;"TS DT_SP2-06_LACTEOS";"9";"1";"159"
 ; ;"TS AU_SP2-06_LACTEOS";"9";"1";"160"
 ; ;"RES_SP2-06_LACTEOS";"9";"1";"161"
 ; ;"DT_SP2-07_LACTEOS";"9";"1";"162"
 ; ;"LM_SP2-07_LACTEOS";"9";"1";"163"
 ; ;"SET LM_SP2-07_LACTEOS";"9";"1";"164"
 ; ;"BLQ_SP2-07_LACTEOS";"9";"1";"165"
 ; ;"TS DT_SP2-07_LACTEOS";"9";"1";"166"
 ; ;"TS AU_SP2-07_LACTEOS";"9";"1";"167"
 ; ;"RES_SP2-07_LACTEOS";"9";"1";"168"
 ; ;"DT_SP2-08_LACTEOS";"9";"1";"169"
 ; ;"LM_SP2-08_LACTEOS";"9";"1";"170"
 ; ;"SET LM_SP2-08_LACTEOS";"9";"1";"171"
 ; ;"BLQ_SP2-08_LACTEOS";"9";"1";"172"
 ; ;"TS DT_SP2-08_LACTEOS";"9";"1";"173"
 ; ;"TS AU_SP2-08_LACTEOS";"9";"1";"174"
 ; ;"RES_SP2-08_LACTEOS";"9";"1";"175"
 ; ;"DT_SP2-09_LACTEOS";"9";"1";"176"
 ; ;"LM_SP2-09_LACTEOS";"9";"1";"177"
 ; ;"SET LM_SP2-09_LACTEOS";"9";"1";"178"
 ; ;"BLQ_SP2-09_LACTEOS";"9";"1";"179"
 ; ;"TS DT_SP2-09_LACTEOS";"9";"1";"180"
 ; ;"TS AU_SP2-09_LACTEOS";"9";"1";"181"
 ; ;"RES_SP2-09_LACTEOS";"9";"1";"182"
 ; ;"DT_SP2-10_LACTEOS";"9";"1";"183"
 ; ;"LM_SP2-10_LACTEOS";"9";"1";"184"
 ; ;"SET LM_SP2-10_LACTEOS";"9";"1";"185"
 ; ;"BLQ_SP2-10_LACTEOS";"9";"1";"186"
 ; ;"TS DT_SP2-10_LACTEOS";"9";"1";"187"
 ; ;"TS AU_SP2-10_LACTEOS";"9";"1";"188"
 ; ;"RES_SP2-10_LACTEOS";"9";"1";"189"
 ; ;"DT_SP1-03_PASILLO CAVAS";"9";"1";"190"
 ; ;"LM_SP1-03_PASILLO CAVAS";"9";"1";"191"
 ; ;"SET LM_SP1-03_PASILLO CAVAS";"9";"1";"192"
 ; ;"BLQ_SP1-03_PASILLO CAVAS";"9";"1";"193"
 ; ;"TS DT_SP1-03_PASILLO CAVAS";"9";"1";"194"
 ; ;"TS AU_SP1-03_PASILLO CAVAS";"9";"1";"195"
 ; ;"RES_SP1-03_PASILLO CAVAS";"9";"1";"196"
 ; ;"DT_SP1-04_PASILLO CAVAS";"9";"1";"197"
 ; ;"LM_SP1-04_PASILLO CAVAS";"9";"1";"198"
 ; ;"SET LM_SP1-04_PASILLO CAVAS";"9";"1";"199"
 ; ;"BLQ_SP1-04_PASILLO CAVAS";"9";"1";"200"
 ; ;"TS DT_SP1-04_PASILLO CAVAS";"9";"1";"201"
 ; ;"TS AU_SP1-04_PASILLO CAVAS";"9";"1";"202"
 ; ;"RES_SP1-04_PASILLO CAVAS";"9";"1";"203"
 ;"Q.GTC2"; ;"9";"2";""
 ; ;"DT_SP1-17_BODEGA 3 - PALETS/MUELLES BODEGA 3";"9";"2";"1"
 ; ;"LM_SP1-17_BODEGA 3 - PALETS/MUELLES BODEGA 3";"9";"2";"2"
 ; ;"SET LM_SP1-17_BODEGA 3 - PALETS/MUELLES BODEGA 3";"9";"2";"3"
 ; ;"BLQ_SP1-17_BODEGA 3 - PALETS/MUELLES BODEGA 3";"9";"2";"4"
 ; ;"TS DT_SP1-17_BODEGA 3 - PALETS/MUELLES BODEGA 3";"9";"2";"5"
 ; ;"TS AU_SP1-17_BODEGA 3 - PALETS/MUELLES BODEGA 3";"9";"2";"6"
 ; ;"RES_SP1-17_BODEGA 3 - PALETS/MUELLES BODEGA 3";"9";"2";"7"
 ; ;"DT_SP1-18_BODEGA 3 - PALETS/MUELLES BODEGA 3";"9";"2";"8"
 ; ;"LM_SP1-18_BODEGA 3 - PALETS/MUELLES BODEGA 3";"9";"2";"9"
 ; ;"SET LM_SP1-18_BODEGA 3 - PALETS/MUELLES BODEGA 3";"9";"2";"10"
 ; ;"BLQ_SP1-18_BODEGA 3 - PALETS/MUELLES BODEGA 3";"9";"2";"11"
 ; ;"TS DT_SP1-18_BODEGA 3 - PALETS/MUELLES BODEGA 3";"9";"2";"12"
 ; ;"TS AU_SP1-18_BODEGA 3 - PALETS/MUELLES BODEGA 3";"9";"2";"13"
 ; ;"RES_SP1-18_BODEGA 3 - PALETS/MUELLES BODEGA 3";"9";"2";"14"
 ; ;"DT_SP1-19_BODEGA 3 -  PALETS/MUELLES BODEGA 3";"9";"2";"15"
 ; ;"LM_SP1-19_BODEGA 3 -  PALETS/MUELLES BODEGA 3";"9";"2";"16"
 ; ;"SET LM_SP1-19_BODEGA 3 -  PALETS/MUELLES BODEGA 3";"9";"2";"17"
 ; ;"BLQ_SP1-19_BODEGA 3 -  PALETS/MUELLES BODEGA 3";"9";"2";"18"
 ; ;"TS DT_SP1-19_BODEGA 3 -  PALETS/MUELLES BODEGA 3";"9";"2";"19"
 ; ;"TS AU_SP1-19_BODEGA 3 -  PALETS/MUELLES BODEGA 3";"9";"2";"20"
 ; ;"RES_SP1-19_BODEGA 3 -  PALETS/MUELLES BODEGA 3";"9";"2";"21"
 ; ;"DT_SP1-20_BODEGA 3 - PALETS BODEGA 3";"9";"2";"22"
 ; ;"LM_SP1-20_BODEGA 3 - PALETS BODEGA 3";"9";"2";"23"
 ; ;"SET LM_SP1-20_BODEGA 3 - PALETS BODEGA 3";"9";"2";"24"
 ; ;"BLQ_SP1-20_BODEGA 3 - PALETS BODEGA 3";"9";"2";"25"
 ; ;"TS DT_SP1-20_BODEGA 3 - PALETS BODEGA 3";"9";"2";"26"
 ; ;"TS AU_SP1-20_BODEGA 3 - PALETS BODEGA 3";"9";"2";"27"
 ; ;"RES_SP1-20_BODEGA 3 - PALETS BODEGA 3";"9";"2";"28"
 ; ;"DT_SP1-21_BODEGA 3 - PALETS BODEGA 4";"9";"2";"29"
 ; ;"LM_SP1-21_BODEGA 3 - PALETS BODEGA 4";"9";"2";"30"
 ; ;"SET LM_SP1-21_BODEGA 3 - PALETS BODEGA 4";"9";"2";"31"
 ; ;"BLQ_SP1-21_BODEGA 3 - PALETS BODEGA 4";"9";"2";"32"
 ; ;"TS DT_SP1-21_BODEGA 3 - PALETS BODEGA 4";"9";"2";"33"
 ; ;"TS AU_SP1-21_BODEGA 3 - PALETS BODEGA 4";"9";"2";"34"
 ; ;"RES_SP1-21_BODEGA 3 - PALETS BODEGA 4";"9";"2";"35"
 ; ;"DT_SP1-22_BODEGA 3 - PALETS BODEGA 4";"9";"2";"36"
 ; ;"LM_SP1-22_BODEGA 3 - PALETS BODEGA 4";"9";"2";"37"
 ; ;"SET LM_SP1-22_BODEGA 3 - PALETS BODEGA 4";"9";"2";"38"
 ; ;"BLQ_SP1-22_BODEGA 3 - PALETS BODEGA 4";"9";"2";"39"
 ; ;"TS DT_SP1-22_BODEGA 3 - PALETS BODEGA 4";"9";"2";"40"
 ; ;"TS AU_SP1-22_BODEGA 3 - PALETS BODEGA 4";"9";"2";"41"
 ; ;"RES_SP1-22_BODEGA 3 - PALETS BODEGA 4";"9";"2";"42"
 ; ;"DT_SP2-28_BODEGA 3 -  CENTRAL P18";"9";"2";"43"
 ; ;"LM_SP2-28_BODEGA 3 -  CENTRAL P18";"9";"2";"44"
 ; ;"SET LM_SP2-28_BODEGA 3 -  CENTRAL P18";"9";"2";"45"
 ; ;"BLQ_SP2-28_BODEGA 3 -  CENTRAL P18";"9";"2";"46"
 ; ;"TS DT_SP2-28_BODEGA 3 -  CENTRAL P18";"9";"2";"47"
 ; ;"TS AU_SP2-28_BODEGA 3 -  CENTRAL P18";"9";"2";"48"
 ; ;"RES_SP2-28_BODEGA 3 -  CENTRAL P18";"9";"2";"49"
 ; ;"DT_SP2-29_BODEGA 3 -  CENTRAL P19";"9";"2";"50"
 ; ;"LM_SP2-29_BODEGA 3 -  CENTRAL P19";"9";"2";"51"
 ; ;"SET LM_SP2-29_BODEGA 3 -  CENTRAL P19";"9";"2";"52"
 ; ;"BLQ_SP2-29_BODEGA 3 -  CENTRAL P19";"9";"2";"53"
 ; ;"TS DT_SP2-29_BODEGA 3 -  CENTRAL P19";"9";"2";"54"
 ; ;"TS AU_SP2-29_BODEGA 3 -  CENTRAL P19";"9";"2";"55"
 ; ;"RES_SP2-29_BODEGA 3 -  CENTRAL P19";"9";"2";"56"
 ; ;"DT_SP2-30_BODEGA 3 -  CENTRAL P20";"9";"2";"57"
 ; ;"LM_SP2-30_BODEGA 3 -  CENTRAL P20";"9";"2";"58"
 ; ;"SET LM_SP2-30_BODEGA 3 -  CENTRAL P20";"9";"2";"59"
 ; ;"BLQ_SP2-30_BODEGA 3 -  CENTRAL P20";"9";"2";"60"
 ; ;"TS DT_SP2-30_BODEGA 3 -  CENTRAL P20";"9";"2";"61"
 ; ;"TS AU_SP2-30_BODEGA 3 -  CENTRAL P20";"9";"2";"62"
 ; ;"RES_SP2-30_BODEGA 3 -  CENTRAL P20";"9";"2";"63"
 ; ;"DT_SP2-31_BODEGA 3 - PASILLO 20 BODEGA 3";"9";"2";"64"
 ; ;"LM_SP2-31_BODEGA 3 - PASILLO 20 BODEGA 3";"9";"2";"65"
 ; ;"SET LM_SP2-31_BODEGA 3 - PASILLO 20 BODEGA 3";"9";"2";"66"
 ; ;"BLQ_SP2-31_BODEGA 3 - PASILLO 20 BODEGA 3";"9";"2";"67"
 ; ;"TS DT_SP2-31_BODEGA 3 - PASILLO 20 BODEGA 3";"9";"2";"68"
 ; ;"TS AU_SP2-31_BODEGA 3 - PASILLO 20 BODEGA 3";"9";"2";"69"
 ; ;"RES_SP2-31_BODEGA 3 - PASILLO 20 BODEGA 3";"9";"2";"70"
 ; ;"DT_SP2-32_BODEGA 3 - PASILLO 19 BODEGA 3";"9";"2";"71"
 ; ;"LM_SP2-32_BODEGA 3 - PASILLO 19 BODEGA 3";"9";"2";"72"
 ; ;"SET LM_SP2-32_BODEGA 3 - PASILLO 19 BODEGA 3";"9";"2";"73"
 ; ;"BLQ_SP2-32_BODEGA 3 - PASILLO 19 BODEGA 3";"9";"2";"74"
 ; ;"TS DT_SP2-32_BODEGA 3 - PASILLO 19 BODEGA 3";"9";"2";"75"
 ; ;"TS AU_SP2-32_BODEGA 3 - PASILLO 19 BODEGA 3";"9";"2";"76"
 ; ;"RES_SP2-32_BODEGA 3 - PASILLO 19 BODEGA 3";"9";"2";"77"
 ; ;"DT_SP2-33_BODEGA 3 - PASILLO 18 BODEGA 3";"9";"2";"78"
 ; ;"LM_SP2-33_BODEGA 3 - PASILLO 18 BODEGA 3";"9";"2";"79"
 ; ;"SET LM_SP2-33_BODEGA 3 - PASILLO 18 BODEGA 3";"9";"2";"80"
 ; ;"BLQ_SP2-33_BODEGA 3 - PASILLO 18 BODEGA 3";"9";"2";"81"
 ; ;"TS DT_SP2-33_BODEGA 3 - PASILLO 18 BODEGA 3";"9";"2";"82"
 ; ;"TS AU_SP2-33_BODEGA 3 - PASILLO 18 BODEGA 3";"9";"2";"83"
 ; ;"RES_SP2-33_BODEGA 3 - PASILLO 18 BODEGA 3";"9";"2";"84"
 ; ;"DT_SP2-23_BODEGA 4 -  CENTRAL P13";"9";"2";"85"
 ; ;"LM_SP2-23_BODEGA 4 -  CENTRAL P13";"9";"2";"86"
 ; ;"SET LM_SP2-23_BODEGA 4 -  CENTRAL P13";"9";"2";"87"
 ; ;"BLQ_SP2-23_BODEGA 4 -  CENTRAL P13";"9";"2";"88"
 ; ;"TS DT_SP2-23_BODEGA 4 -  CENTRAL P13";"9";"2";"89"
 ; ;"TS AU_SP2-23_BODEGA 4 -  CENTRAL P13";"9";"2";"90"
 ; ;"RES_SP2-23_BODEGA 4 -  CENTRAL P13";"9";"2";"91"
 ; ;"DT_SP2-24_BODEGA 4 - CENTRAL P14";"9";"2";"92"
 ; ;"LM_SP2-24_BODEGA 4 - CENTRAL P14";"9";"2";"93"
 ; ;"SET LM_SP2-24_BODEGA 4 - CENTRAL P14";"9";"2";"94"
 ; ;"BLQ_SP2-24_BODEGA 4 - CENTRAL P14";"9";"2";"95"
 ; ;"TS DT_SP2-24_BODEGA 4 - CENTRAL P14";"9";"2";"96"
 ; ;"TS AU_SP2-24_BODEGA 4 - CENTRAL P14";"9";"2";"97"
 ; ;"RES_SP2-24_BODEGA 4 - CENTRAL P14";"9";"2";"98"
 ; ;"DT_SP2-25_BODEGA 4 - CENTRAL P15";"9";"2";"99"
 ; ;"LM_SP2-25_BODEGA 4 - CENTRAL P15";"9";"2";"100"
 ; ;"SET LM_SP2-25_BODEGA 4 - CENTRAL P15";"9";"2";"101"
 ; ;"BLQ_SP2-25_BODEGA 4 - CENTRAL P15";"9";"2";"102"
 ; ;"TS DT_SP2-25_BODEGA 4 - CENTRAL P15";"9";"2";"103"
 ; ;"TS AU_SP2-25_BODEGA 4 - CENTRAL P15";"9";"2";"104"
 ; ;"RES_SP2-25_BODEGA 4 - CENTRAL P15";"9";"2";"105"
 ; ;"DT_SP2-26_BODEGA 4 -  CENTRAL P16";"9";"2";"106"
 ; ;"LM_SP2-26_BODEGA 4 -  CENTRAL P16";"9";"2";"107"
 ; ;"SET LM_SP2-26_BODEGA 4 -  CENTRAL P16";"9";"2";"108"
 ; ;"BLQ_SP2-26_BODEGA 4 -  CENTRAL P16";"9";"2";"109"
 ; ;"TS DT_SP2-26_BODEGA 4 -  CENTRAL P16";"9";"2";"110"
 ; ;"TS AU_SP2-26_BODEGA 4 -  CENTRAL P16";"9";"2";"111"
 ; ;"RES_SP2-26_BODEGA 4 -  CENTRAL P16";"9";"2";"112"
 ; ;"DT_SP2-27_BODEGA 4 -  CENTRAL P17";"9";"2";"113"
 ; ;"LM_SP2-27_BODEGA 4 -  CENTRAL P17";"9";"2";"114"
 ; ;"SET LM_SP2-27_BODEGA 4 -  CENTRAL P17";"9";"2";"115"
 ; ;"BLQ_SP2-27_BODEGA 4 -  CENTRAL P17";"9";"2";"116"
 ; ;"TS DT_SP2-27_BODEGA 4 -  CENTRAL P17";"9";"2";"117"
 ; ;"TS AU_SP2-27_BODEGA 4 -  CENTRAL P17";"9";"2";"118"
 ; ;"RES_SP2-27_BODEGA 4 -  CENTRAL P17";"9";"2";"119"
 ; ;"DT_SP2-34_BODEGA 4 - PASILLO 17 BODEGA 3";"9";"2";"120"
 ; ;"LM_SP2-34_BODEGA 4 - PASILLO 17 BODEGA 3";"9";"2";"121"
 ; ;"SET LM_SP2-34_BODEGA 4 - PASILLO 17 BODEGA 3";"9";"2";"122"
 ; ;"BLQ_SP2-34_BODEGA 4 - PASILLO 17 BODEGA 3";"9";"2";"123"
 ; ;"TS DT_SP2-34_BODEGA 4 - PASILLO 17 BODEGA 3";"9";"2";"124"
 ; ;"TS AU_SP2-34_BODEGA 4 - PASILLO 17 BODEGA 3";"9";"2";"125"
 ; ;"RES_SP2-34_BODEGA 4 - PASILLO 17 BODEGA 3";"9";"2";"126"
 ; ;"DT_SP2-35_BODEGA 4 - PASILLO 16 BODEGA 3";"9";"2";"127"
 ; ;"LM_SP2-35_BODEGA 4 - PASILLO 16 BODEGA 3";"9";"2";"128"
 ; ;"SET LM_SP2-35_BODEGA 4 - PASILLO 16 BODEGA 3";"9";"2";"129"
 ; ;"BLQ_SP2-35_BODEGA 4 - PASILLO 16 BODEGA 3";"9";"2";"130"
 ; ;"TS DT_SP2-35_BODEGA 4 - PASILLO 16 BODEGA 3";"9";"2";"131"
 ; ;"TS AU_SP2-35_BODEGA 4 - PASILLO 16 BODEGA 3";"9";"2";"132"
 ; ;"RES_SP2-35_BODEGA 4 - PASILLO 16 BODEGA 3";"9";"2";"133"
 ; ;"DT_SP2-36_BODEGA 4 - PASILLO 15 BODEGA 3";"9";"2";"134"
 ; ;"LM_SP2-36_BODEGA 4 - PASILLO 15 BODEGA 3";"9";"2";"135"
 ; ;"SET LM_SP2-36_BODEGA 4 - PASILLO 15 BODEGA 3";"9";"2";"136"
 ; ;"BLQ_SP2-36_BODEGA 4 - PASILLO 15 BODEGA 3";"9";"2";"137"
 ; ;"TS DT_SP2-36_BODEGA 4 - PASILLO 15 BODEGA 3";"9";"2";"138"
 ; ;"TS AU_SP2-36_BODEGA 4 - PASILLO 15 BODEGA 3";"9";"2";"139"
 ; ;"RES_SP2-36_BODEGA 4 - PASILLO 15 BODEGA 3";"9";"2";"140"
 ; ;"DT_SP2-37_BODEGA 4 - PASILLO 14 BODEGA 3";"9";"2";"141"
 ; ;"LM_SP2-37_BODEGA 4 - PASILLO 14 BODEGA 3";"9";"2";"142"
 ; ;"SET LM_SP2-37_BODEGA 4 - PASILLO 14 BODEGA 3";"9";"2";"143"
 ; ;"BLQ_SP2-37_BODEGA 4 - PASILLO 14 BODEGA 3";"9";"2";"144"
 ; ;"TS DT_SP2-37_BODEGA 4 - PASILLO 14 BODEGA 3";"9";"2";"145"
 ; ;"TS AU_SP2-37_BODEGA 4 - PASILLO 14 BODEGA 3";"9";"2";"146"
 ; ;"RES_SP2-37_BODEGA 4 - PASILLO 14 BODEGA 3";"9";"2";"147"
 ; ;"DT_SP2-38_BODEGA 4 - PASILLO 13 BODEGA 3";"9";"2";"148"
 ; ;"LM_SP2-38_BODEGA 4 - PASILLO 13 BODEGA 3";"9";"2";"149"
 ; ;"SET LM_SP2-38_BODEGA 4 - PASILLO 13 BODEGA 3";"9";"2";"150"
 ; ;"BLQ_SP2-38_BODEGA 4 - PASILLO 13 BODEGA 3";"9";"2";"151"
 ; ;"TS DT_SP2-38_BODEGA 4 - PASILLO 13 BODEGA 3";"9";"2";"152"
 ; ;"TS AU_SP2-38_BODEGA 4 - PASILLO 13 BODEGA 3";"9";"2";"153"
 ; ;"RES_SP2-38_BODEGA 4 - PASILLO 13 BODEGA 3";"9";"2";"154"
 ; ;"DT_SP2-39_BODEGA 4 - PASILLO 12 BODEGA 3";"9";"2";"155"
 ; ;"LM_SP2-39_BODEGA 4 - PASILLO 12 BODEGA 3";"9";"2";"156"
 ; ;"SET LM_SP2-39_BODEGA 4 - PASILLO 12 BODEGA 3";"9";"2";"157"
 ; ;"BLQ_SP2-39_BODEGA 4 - PASILLO 12 BODEGA 3";"9";"2";"158"
 ; ;"TS DT_SP2-39_BODEGA 4 - PASILLO 12 BODEGA 3";"9";"2";"159"
 ; ;"TS AU_SP2-39_BODEGA 4 - PASILLO 12 BODEGA 3";"9";"2";"160"
 ; ;"RES_SP2-39_BODEGA 4 - PASILLO 12 BODEGA 3";"9";"2";"161"
 ; ;"DT_SP2-40_BODEGA 4 - PASILLO 11 BODEGA 3";"9";"2";"162"
 ; ;"LM_SP2-40_BODEGA 4 - PASILLO 11 BODEGA 3";"9";"2";"163"
 ; ;"SET LM_SP2-40_BODEGA 4 - PASILLO 11 BODEGA 3";"9";"2";"164"
 ; ;"BLQ_SP2-40_BODEGA 4 - PASILLO 11 BODEGA 3";"9";"2";"165"
 ; ;"TS DT_SP2-40_BODEGA 4 - PASILLO 11 BODEGA 3";"9";"2";"166"
 ; ;"TS AU_SP2-40_BODEGA 4 - PASILLO 11 BODEGA 3";"9";"2";"167"
 ; ;"RES_SP2-40_BODEGA 4 - PASILLO 11 BODEGA 3";"9";"2";"168"
 ; ;"DT_SP2-41_BODEGA 4 - PASILLO 10 BODEGA 3";"9";"2";"169"
 ; ;"LM_SP2-41_BODEGA 4 - PASILLO 10 BODEGA 3";"9";"2";"170"
 ; ;"SET LM_SP2-41_BODEGA 4 - PASILLO 10 BODEGA 3";"9";"2";"171"
 ; ;"BLQ_SP2-41_BODEGA 4 - PASILLO 10 BODEGA 3";"9";"2";"172"
 ; ;"TS DT_SP2-41_BODEGA 4 - PASILLO 10 BODEGA 3";"9";"2";"173"
 ; ;"TS AU_SP2-41_BODEGA 4 - PASILLO 10 BODEGA 3";"9";"2";"174"
 ; ;"RES_SP2-41_BODEGA 4 - PASILLO 10 BODEGA 3";"9";"2";"175"
 ; ;"DT_SP2-42_BODEGA 4 - PASILLO 09 BODEGA 3";"9";"2";"176"
 ; ;"LM_SP2-42_BODEGA 4 - PASILLO 09 BODEGA 3";"9";"2";"177"
 ; ;"SET LM_SP2-42_BODEGA 4 - PASILLO 09 BODEGA 3";"9";"2";"178"
 ; ;"BLQ_SP2-42_BODEGA 4 - PASILLO 09 BODEGA 3";"9";"2";"179"
 ; ;"TS DT_SP2-42_BODEGA 4 - PASILLO 09 BODEGA 3";"9";"2";"180"
 ; ;"TS AU_SP2-42_BODEGA 4 - PASILLO 09 BODEGA 3";"9";"2";"181"
 ; ;"RES_SP2-42_BODEGA 4 - PASILLO 09 BODEGA 3";"9";"2";"182"
 ;"Q.GTC3"; ;"9";"3";""
 ; ;"DT_SP1-08_BODEGA 1 -  ZONA ESCALERAS DE EMERGENCIA";"9";"3";"1"
 ; ;"LM_SP1-08_BODEGA 1 -  ZONA ESCALERAS DE EMERGENCIA";"9";"3";"2"
 ; ;"SET LM_SP1-08_BODEGA 1 -  ZONA ESCALERAS DE EMERGENCIA";"9";"3";"3"
 ; ;"BLQ_SP1-08_BODEGA 1 -  ZONA ESCALERAS DE EMERGENCIA";"9";"3";"4"
 ; ;"TS DT_SP1-08_BODEGA 1 -  ZONA ESCALERAS DE EMERGENCIA";"9";"3";"5"
 ; ;"TS AU_SP1-08_BODEGA 1 -  ZONA ESCALERAS DE EMERGENCIA";"9";"3";"6"
 ; ;"RES_SP1-08_BODEGA 1 -  ZONA ESCALERAS DE EMERGENCIA";"9";"3";"7"
 ; ;"DT_SP1-09_BODEGA 1 -  MUELLES BODEGA 1";"9";"3";"8"
 ; ;"LM_SP1-09_BODEGA 1 -  MUELLES BODEGA 1";"9";"3";"9"
 ; ;"SET LM_SP1-09_BODEGA 1 -  MUELLES BODEGA 1";"9";"3";"10"
 ; ;"BLQ_SP1-09_BODEGA 1 -  MUELLES BODEGA 1";"9";"3";"11"
 ; ;"TS DT_SP1-09_BODEGA 1 -  MUELLES BODEGA 1";"9";"3";"12"
 ; ;"TS AU_SP1-09_BODEGA 1 -  MUELLES BODEGA 1";"9";"3";"13"
 ; ;"RES_SP1-09_BODEGA 1 -  MUELLES BODEGA 1";"9";"3";"14"
 ; ;"DT_SP1-10_BODEGA 1 - MUELLES BODEGA 1/2";"9";"3";"15"
 ; ;"LM_SP1-10_BODEGA 1 - MUELLES BODEGA 1/2";"9";"3";"16"
 ; ;"SET LM_SP1-10_BODEGA 1 - MUELLES BODEGA 1/2";"9";"3";"17"
 ; ;"BLQ_SP1-10_BODEGA 1 - MUELLES BODEGA 1/2";"9";"3";"18"
 ; ;"TS DT_SP1-10_BODEGA 1 - MUELLES BODEGA 1/2";"9";"3";"19"
 ; ;"TS AU_SP1-10_BODEGA 1 - MUELLES BODEGA 1/2";"9";"3";"20"
 ; ;"RES_SP1-10_BODEGA 1 - MUELLES BODEGA 1/2";"9";"3";"21"
 ; ;"DT_SP1-11_BODEGA 1 - MUELLES BODEGA 2";"9";"3";"22"
 ; ;"LM_SP1-11_BODEGA 1 - MUELLES BODEGA 2";"9";"3";"23"
 ; ;"SET LM_SP1-11_BODEGA 1 - MUELLES BODEGA 2";"9";"3";"24"
 ; ;"BLQ_SP1-11_BODEGA 1 - MUELLES BODEGA 2";"9";"3";"25"
 ; ;"TS DT_SP1-11_BODEGA 1 - MUELLES BODEGA 2";"9";"3";"26"
 ; ;"TS AU_SP1-11_BODEGA 1 - MUELLES BODEGA 2";"9";"3";"27"
 ; ;"RES_SP1-11_BODEGA 1 - MUELLES BODEGA 2";"9";"3";"28"
 ; ;"DT_SP1-12_BODEGA 1 - PALETS BODEGA 1";"9";"3";"29"
 ; ;"LM_SP1-12_BODEGA 1 - PALETS BODEGA 1";"9";"3";"30"
 ; ;"SET LM_SP1-12_BODEGA 1 - PALETS BODEGA 1";"9";"3";"31"
 ; ;"BLQ_SP1-12_BODEGA 1 - PALETS BODEGA 1";"9";"3";"32"
 ; ;"TS DT_SP1-12_BODEGA 1 - PALETS BODEGA 1";"9";"3";"33"
 ; ;"TS AU_SP1-12_BODEGA 1 - PALETS BODEGA 1";"9";"3";"34"
 ; ;"RES_SP1-12_BODEGA 1 - PALETS BODEGA 1";"9";"3";"35"
 ; ;"DT_SP1-13_BODEGA 1 - PALETS BODEGA 1";"9";"3";"36"
 ; ;"LM_SP1-13_BODEGA 1 - PALETS BODEGA 1";"9";"3";"37"
 ; ;"SET LM_SP1-13_BODEGA 1 - PALETS BODEGA 1";"9";"3";"38"
 ; ;"BLQ_SP1-13_BODEGA 1 - PALETS BODEGA 1";"9";"3";"39"
 ; ;"TS DT_SP1-13_BODEGA 1 - PALETS BODEGA 1";"9";"3";"40"
 ; ;"TS AU_SP1-13_BODEGA 1 - PALETS BODEGA 1";"9";"3";"41"
 ; ;"RES_SP1-13_BODEGA 1 - PALETS BODEGA 1";"9";"3";"42"
 ; ;"DT_SP1-14_BODEGA 1 - PALETS BODEGA 1";"9";"3";"43"
 ; ;"LM_SP1-14_BODEGA 1 - PALETS BODEGA 1";"9";"3";"44"
 ; ;"SET LM_SP1-14_BODEGA 1 - PALETS BODEGA 1";"9";"3";"45"
 ; ;"BLQ_SP1-14_BODEGA 1 - PALETS BODEGA 1";"9";"3";"46"
 ; ;"TS DT_SP1-14_BODEGA 1 - PALETS BODEGA 1";"9";"3";"47"
 ; ;"TS AU_SP1-14_BODEGA 1 - PALETS BODEGA 1";"9";"3";"48"
 ; ;"RES_SP1-14_BODEGA 1 - PALETS BODEGA 1";"9";"3";"49"
 ; ;"DT_SP2-15_BODEGA 1 -  PASILLO 13 - BODEGA 1";"9";"3";"50"
 ; ;"LM_SP2-15_BODEGA 1 -  PASILLO 13 - BODEGA 1";"9";"3";"51"
 ; ;"SET LM_SP2-15_BODEGA 1 -  PASILLO 13 - BODEGA 1";"9";"3";"52"
 ; ;"BLQ_SP2-15_BODEGA 1 -  PASILLO 13 - BODEGA 1";"9";"3";"53"
 ; ;"TS DT_SP2-15_BODEGA 1 -  PASILLO 13 - BODEGA 1";"9";"3";"54"
 ; ;"TS AU_SP2-15_BODEGA 1 -  PASILLO 13 - BODEGA 1";"9";"3";"55"
 ; ;"RES_SP2-15_BODEGA 1 -  PASILLO 13 - BODEGA 1";"9";"3";"56"
 ; ;"DT_SP2-16_BODEGA 1 - PASILLO 14 - BODEGA 1";"9";"3";"57"
 ; ;"LM_SP2-16_BODEGA 1 - PASILLO 14 - BODEGA 1";"9";"3";"58"
 ; ;"SET LM_SP2-16_BODEGA 1 - PASILLO 14 - BODEGA 1";"9";"3";"59"
 ; ;"BLQ_SP2-16_BODEGA 1 - PASILLO 14 - BODEGA 1";"9";"3";"60"
 ; ;"TS DT_SP2-16_BODEGA 1 - PASILLO 14 - BODEGA 1";"9";"3";"61"
 ; ;"TS AU_SP2-16_BODEGA 1 - PASILLO 14 - BODEGA 1";"9";"3";"62"
 ; ;"RES_SP2-16_BODEGA 1 - PASILLO 14 - BODEGA 1";"9";"3";"63"
 ; ;"DT_SP2-17_BODEGA 1 - PASILLO 15 - BODEGA 1";"9";"3";"64"
 ; ;"LM_SP2-17_BODEGA 1 - PASILLO 15 - BODEGA 1";"9";"3";"65"
 ; ;"SET LM_SP2-17_BODEGA 1 - PASILLO 15 - BODEGA 1";"9";"3";"66"
 ; ;"BLQ_SP2-17_BODEGA 1 - PASILLO 15 - BODEGA 1";"9";"3";"67"
 ; ;"TS DT_SP2-17_BODEGA 1 - PASILLO 15 - BODEGA 1";"9";"3";"68"
 ; ;"TS AU_SP2-17_BODEGA 1 - PASILLO 15 - BODEGA 1";"9";"3";"69"
 ; ;"RES_SP2-17_BODEGA 1 - PASILLO 15 - BODEGA 1";"9";"3";"70"
 ; ;"DT_SP2-18_BODEGA 1 - PASILLO 16 - BODEGA 1";"9";"3";"71"
 ; ;"LM_SP2-18_BODEGA 1 - PASILLO 16 - BODEGA 1";"9";"3";"72"
 ; ;"SET LM_SP2-18_BODEGA 1 - PASILLO 16 - BODEGA 1";"9";"3";"73"
 ; ;"BLQ_SP2-18_BODEGA 1 - PASILLO 16 - BODEGA 1";"9";"3";"74"
 ; ;"TS DT_SP2-18_BODEGA 1 - PASILLO 16 - BODEGA 1";"9";"3";"75"
 ; ;"TS AU_SP2-18_BODEGA 1 - PASILLO 16 - BODEGA 1";"9";"3";"76"
 ; ;"RES_SP2-18_BODEGA 1 - PASILLO 16 - BODEGA 1";"9";"3";"77"
 ; ;"DT_SP2-19_BODEGA 1 - PASILLO 17 - BODEGA 1";"9";"3";"78"
 ; ;"LM_SP2-19_BODEGA 1 - PASILLO 17 - BODEGA 1";"9";"3";"79"
 ; ;"SET LM_SP2-19_BODEGA 1 - PASILLO 17 - BODEGA 1";"9";"3";"80"
 ; ;"BLQ_SP2-19_BODEGA 1 - PASILLO 17 - BODEGA 1";"9";"3";"81"
 ; ;"TS DT_SP2-19_BODEGA 1 - PASILLO 17 - BODEGA 1";"9";"3";"82"
 ; ;"TS AU_SP2-19_BODEGA 1 - PASILLO 17 - BODEGA 1";"9";"3";"83"
 ; ;"RES_SP2-19_BODEGA 1 - PASILLO 17 - BODEGA 1";"9";"3";"84"
 ; ;"DT_SP1-15_BODEGA 2 - ZONA MUELLES/PALTES BODEGA 2";"9";"3";"85"
 ; ;"LM_SP1-15_BODEGA 2 - ZONA MUELLES/PALTES BODEGA 2";"9";"3";"86"
 ; ;"SET LM_SP1-15_BODEGA 2 - ZONA MUELLES/PALTES BODEGA 2";"9";"3";"87"
 ; ;"BLQ_SP1-15_BODEGA 2 - ZONA MUELLES/PALTES BODEGA 2";"9";"3";"88"
 ; ;"TS DT_SP1-15_BODEGA 2 - ZONA MUELLES/PALTES BODEGA 2";"9";"3";"89"
 ; ;"TS AU_SP1-15_BODEGA 2 - ZONA MUELLES/PALTES BODEGA 2";"9";"3";"90"
 ; ;"RES_SP1-15_BODEGA 2 - ZONA MUELLES/PALTES BODEGA 2";"9";"3";"91"
 ; ;"DT_SP1-16_BODEGA 2 - ZONA MUELLES/PALTES BODEGA 2";"9";"3";"92"
 ; ;"LM_SP1-16_BODEGA 2 - ZONA MUELLES/PALTES BODEGA 2";"9";"3";"93"
 ; ;"SET LM_SP1-16_BODEGA 2 - ZONA MUELLES/PALTES BODEGA 2";"9";"3";"94"
 ; ;"BLQ_SP1-16_BODEGA 2 - ZONA MUELLES/PALTES BODEGA 2";"9";"3";"95"
 ; ;"TS DT_SP1-16_BODEGA 2 - ZONA MUELLES/PALTES BODEGA 2";"9";"3";"96"
 ; ;"TS AU_SP1-16_BODEGA 2 - ZONA MUELLES/PALTES BODEGA 2";"9";"3";"97"
 ; ;"RES_SP1-16_BODEGA 2 - ZONA MUELLES/PALTES BODEGA 2";"9";"3";"98"
 ; ;"DT_SP2-20_BODEGA 2 - PASILLO 18 - BODEGA 2";"9";"3";"99"
 ; ;"LM_SP2-20_BODEGA 2 - PASILLO 18 - BODEGA 2";"9";"3";"100"
 ; ;"SET LM_SP2-20_BODEGA 2 - PASILLO 18 - BODEGA 2";"9";"3";"101"
 ; ;"BLQ_SP2-20_BODEGA 2 - PASILLO 18 - BODEGA 2";"9";"3";"102"
 ; ;"TS DT_SP2-20_BODEGA 2 - PASILLO 18 - BODEGA 2";"9";"3";"103"
 ; ;"TS AU_SP2-20_BODEGA 2 - PASILLO 18 - BODEGA 2";"9";"3";"104"
 ; ;"RES_SP2-20_BODEGA 2 - PASILLO 18 - BODEGA 2";"9";"3";"105"
 ; ;"DT_SP2-21_BODEGA 2 - PASILLO 19 - BODEGA 2";"9";"3";"106"
 ; ;"LM_SP2-21_BODEGA 2 - PASILLO 19 - BODEGA 2";"9";"3";"107"
 ; ;"SET LM_SP2-21_BODEGA 2 - PASILLO 19 - BODEGA 2";"9";"3";"108"
 ; ;"BLQ_SP2-21_BODEGA 2 - PASILLO 19 - BODEGA 2";"9";"3";"109"
 ; ;"TS DT_SP2-21_BODEGA 2 - PASILLO 19 - BODEGA 2";"9";"3";"110"
 ; ;"TS AU_SP2-21_BODEGA 2 - PASILLO 19 - BODEGA 2";"9";"3";"111"
 ; ;"RES_SP2-21_BODEGA 2 - PASILLO 19 - BODEGA 2";"9";"3";"112"
 ; ;"DT_SP2-22_BODEGA 2 - PASILLO 20 - BODEGA 2";"9";"3";"113"
 ; ;"LM_SP2-22_BODEGA 2 - PASILLO 20 - BODEGA 2";"9";"3";"114"
 ; ;"SET LM_SP2-22_BODEGA 2 - PASILLO 20 - BODEGA 2";"9";"3";"115"
 ; ;"BLQ_SP2-22_BODEGA 2 - PASILLO 20 - BODEGA 2";"9";"3";"116"
 ; ;"TS DT_SP2-22_BODEGA 2 - PASILLO 20 - BODEGA 2";"9";"3";"117"
 ; ;"TS AU_SP2-22_BODEGA 2 - PASILLO 20 - BODEGA 2";"9";"3";"118"
 ; ;"RES_SP2-22_BODEGA 2 - PASILLO 20 - BODEGA 2";"9";"3";"119"
 ; ;"DT_SP4-01_MEZZANINE";"9";"3";"120"
 ; ;"LM_SP4-01_MEZZANINE";"9";"3";"121"
 ; ;"SET LM_SP4-01_MEZZANINE";"9";"3";"122"
 ; ;"BLQ_SP4-01_MEZZANINE";"9";"3";"123"
 ; ;"TS DT_SP4-01_MEZZANINE";"9";"3";"124"
 ; ;"TS AU_SP4-01_MEZZANINE";"9";"3";"125"
 ; ;"RES_SP4-01_MEZZANINE";"9";"3";"126"
 ;"Q.GTC4"; ;"9";"4";""
 ; ;"9/4/61";"9";"4";"0"
 ; ;"DT_SP4-01_MEZZANINE";"9";"4";"1"
 ; ;"LM_SP4-01_MEZZANINE";"9";"4";"2"
 ; ;"SET LM_SP4-01_MEZZANINE";"9";"4";"3"
 ; ;"TS AU_SP4-01_MEZZANINE";"9";"4";"4"
 ; ;"RES_SP4-01_MEZZANINE";"9";"4";"5"
 ; ;"DT_SP4-02_MEZZANINE";"9";"4";"6"
 ; ;"LM_SP4-02_MEZZANINE";"9";"4";"7"
 ; ;"SET LM_SP4-02_MEZZANINE";"9";"4";"8"
 ; ;"TS DT_SP4-02_MEZZANINE";"9";"4";"9"
 ; ;"RES_SP4-02_MEZZANINE";"9";"4";"10"
 ; ;"DT_SP4-03_MEZZANINE";"9";"4";"11"
 ; ;"LM_SP4-03_MEZZANINE";"9";"4";"12"
 ; ;"SET LM_SP4-03_MEZZANINE";"9";"4";"13"
 ; ;"TS DT_SP4-03_MEZZANINE";"9";"4";"14"
 ; ;"TS AU_SP4-03_MEZZANINE";"9";"4";"15"
 ; ;"DT_SP4-04_MEZZANINE";"9";"4";"16"
 ; ;"LM_SP4-04_MEZZANINE";"9";"4";"17"
 ; ;"SET LM_SP4-04_MEZZANINE";"9";"4";"18"
 ; ;"TS DT_SP4-04_MEZZANINE";"9";"4";"19"
 ; ;"TS AU_SP4-04_MEZZANINE";"9";"4";"20"
 ; ;"DT_SP4-05_MEZZANINE";"9";"4";"21"
 ; ;"LM_SP4-05_MEZZANINE";"9";"4";"22"
 ; ;"SET LM_SP4-05_MEZZANINE";"9";"4";"23"
 ; ;"TS DT_SP4-05_MEZZANINE";"9";"4";"24"
 ; ;"TS AU_SP4-05_MEZZANINE";"9";"4";"25"
 ; ;"RES_SP4-05_MEZZANINE";"9";"4";"26"
 ; ;"DT_SP5-03_MEZZANINE";"9";"4";"37"
 ; ;"LM_SP5-03_MEZZANINE";"9";"4";"38"
 ; ;"SET LM_SP5-03_MEZZANINE";"9";"4";"39"
 ; ;"TS DT_SP5-03_MEZZANINE";"9";"4";"40"
 ; ;"TS AU_SP5-03_MEZZANINE";"9";"4";"41"
 ; ;"RES_SP5-03_MEZZANINE";"9";"4";"42"
 ; ;"DT_SP5-04_MEZZANINE";"9";"4";"43"
 ; ;"LM_SP5-04_MEZZANINE";"9";"4";"44"
 ; ;"SET LM_SP5-04_MEZZANINE";"9";"4";"45"
 ; ;"TS DT_SP5-04_MEZZANINE";"9";"4";"46"
 ; ;"RES_SP5-04_MEZZANINE";"9";"4";"47"
 ; ;"DT_SP5-05_MEZZANINE";"9";"4";"48"
 ; ;"LM_SP5-05_MEZZANINE";"9";"4";"49"
 ; ;"SET LM_SP5-05_MEZZANINE";"9";"4";"50"
 ; ;"TS DT_SP5-05_MEZZANINE";"9";"4";"51"
 ; ;"TS AU_SP5-05_MEZZANINE";"9";"4";"52"
 ; ;"DT_SP6-01_MEZZANINE";"9";"4";"53"
 ; ;"LM_SP6-01_MEZZANINE";"9";"4";"54"
 ; ;"SET LM_SP6-01_MEZZANINE";"9";"4";"55"
 ; ;"TS DT_SP6-01_MEZZANINE";"9";"4";"56"
 ; ;"TS AU_SP6-01_MEZZANINE";"9";"4";"57"
 ; ;"RES_SP6-01_MEZZANINE";"9";"4";"58"
 ; ;"DT_SP6-02_MEZZANINE";"9";"4";"59"
 ; ;"LM_SP6-02_MEZZANINE";"9";"4";"60"
 ; ;"SET LM_SP6-02_MEZZANINE";"9";"4";"61"
 ; ;"TS DT_SP6-02_MEZZANINE";"9";"4";"62"
 ; ;"TS AU_SP6-02_MEZZANINE";"9";"4";"63"
 ; ;"RES_SP6-02_MEZZANINE";"9";"4";"64"
 ; ;"DT_SENSORES PASILLOS MEZANINNE";"9";"4";"65"
 ;"Q.GTC5"; ;"9";"5";""
 ; ;"DT_SP5-01_CASINO";"9";"5";"1"
 ; ;"LM_SP5-01_CASINO";"9";"5";"2"
 ; ;"SET LM_SP5-01_CASINO";"9";"5";"3"
 ; ;"BLQ_SP5-01_CASINO";"9";"5";"4"
 ; ;"TS DT_SP5-01_CASINO";"9";"5";"5"
 ; ;"TS AU_SP5-01_CASINO";"9";"5";"6"
 ; ;"RES_SP5-01_CASINO";"9";"5";"7"
 ; ;"DT_SP5-02_CASINO";"9";"5";"8"
 ; ;"LM_SP5-02_CASINO";"9";"5";"9"
 ; ;"SET LM_SP5-02_CASINO";"9";"5";"10"
 ; ;"BLQ_SP5-02_CASINO";"9";"5";"11"
 ; ;"TS DT_SP5-02_CASINO";"9";"5";"12"
 ; ;"TS AU_SP5-02_CASINO";"9";"5";"13"
 ; ;"RES_SP5-02_CASINO";"9";"5";"14"
